12 1
15 1
21 1
31 1
50 1
58 1
61 1
66 1
72 1
74 1
94 1
96 1
103 1
115 2
117 1
122 1
125 1
139 1
144 1
150 1
153 1
174 1
175 1
184 1
188 1
190 1
191 1
197 1
200 1
209 1
217 1
225 1
226 1
239 1
256 1
266 1
268 1
273 1
319 1
326 1
361 1
377 1
379 1
390 1
404 1
405 1
420 1
424 2
427 2
428 1
437 1
441 1
459 1
461 1
474 1
491 1
495 1
496 1
497 2
502 2
503 1
506 1
510 1
515 2
520 1
528 1
530 1
534 1
535 1
539 1
542 2
546 1
556 1
573 1
602 1
605 1
607 1
617 1
624 1
644 1
646 1
671 1
674 1
677 1
679 1
701 2
709 2
715 1
735 1
739 1
743 1
747 1
751 1
754 1
791 1
797 1
800 1
823 1
826 1
828 1
829 1
834 1
840 1
843 1
861 1
862 1
868 1
879 1
912 1
917 1
919 1
930 1
936 1
942 1
943 1
948 1
957 1
975 1
979 1
982 1
994 1
1002 1
1017 1
1040 1
1044 1
1056 1
1061 1
1065 1
1067 1
1076 2
1086 1
1117 1
1133 1
1136 1
1166 1
1171 1
1179 1
1187 1
1189 1
1199 1
1200 1
1208 1
1221 1
1224 1
1227 1
1232 1
1236 1
1238 2
1265 1
1271 1
1280 1
1300 1
1333 1
1348 1
1350 1
1354 1
1359 1
1361 1
1365 1
1378 1
1383 1
1415 1
1425 1
1441 1
1465 1
1466 1
1468 1
1475 1
1482 1
1509 1
1513 1
1521 1
1523 1
1528 1
1537 1
1561 2
1564 1
1569 1
1570 1
1574 1
1582 1
1615 1
1656 2
1662 1
1677 1
1683 2
1689 1
1691 1
1705 2
1712 1
1741 1
1743 1
1744 1
1759 1
1796 1
1810 1
1828 1
1829 1
1830 1
1841 1
1854 1
1858 1
1865 1
1878 1
1891 1
1914 1
1915 1
1916 1
1919 1
1926 1
1937 1
1940 1
1966 1
1973 1
1981 1
1985 1
1995 1
2019 1
2033 1
2037 1
2042 1
2047 1
2056 1
2070 1
2078 1
2080 1
2083 1
2088 1
2114 1
2119 2
2125 1
2134 1
2136 1
2155 1
2156 1
2157 1
2159 1
2177 1
2181 1
2188 1
2189 1
2192 1
2205 1
2216 1
2223 1
2232 1
2235 2
2237 2
2242 1
2249 1
2254 1
2264 1
2281 1
2288 1
2314 1
2318 1
2329 1
2330 1
2335 1
2339 1
2353 2
2383 1
2389 1
2396 1
2402 1
2403 1
2404 1
2406 1
2415 1
2419 1
2426 1
2436 1
2444 1
2447 1
2452 1
2467 1
2471 1
2473 1
2482 1
2484 1
2528 1
2532 1
2547 1
2570 1
2578 1
2582 1
2593 1
2595 1
2622 1
2635 1
2642 1
2649 1
2651 1
2655 1
2659 1
2663 1
2664 1
2671 1
2673 1
2692 1
2697 1
2704 1
2706 1
2721 1
2726 1
2730 1
2731 1
2733 1
2750 1
2751 1
2755 1
2756 1
2758 1
2762 1
2774 1
2802 1
2803 1
2813 1
2818 1
2819 2
2850 1
2870 2
2874 1
2904 1
2916 1
2924 1
2925 1
2947 1
2982 1
2995 1
3012 1
3043 2
3051 1
3057 1
3065 1
3080 1
3087 1
3091 3
3095 1
3098 1
3101 1
3109 1
3127 1
3132 1
3133 1
3140 1
3143 1
3150 2
3155 1
3167 1
3191 1
3205 1
3228 1
3237 1
3245 2
3251 1
3260 1
3273 1
3279 1
3282 1
3284 1
3333 1
3340 1
3352 1
3354 1
3358 1
3374 1
3375 1
3385 2
3387 1
3388 1
3393 1
3400 1
3401 1
3402 1
3409 1
3412 1
3436 1
3440 1
3449 1
3454 1
3464 1
3466 1
3483 1
3512 1
3520 1
3521 1
3524 1
3525 1
3529 1
3538 1
3539 1
3541 1
3581 1
3612 1
3629 1
3633 1
3659 1
3665 1
3666 1
3668 1
3669 1
3709 1
3718 1
3723 1
3726 1
3728 1
3736 1
3745 1
3749 1
3757 1
3758 1
3763 1
3804 1
3807 1
3826 1
3828 1
3835 1
3849 1
3879 2
3883 1
3891 1
3894 1
3898 1
3901 1
3920 1
3921 1
3922 1
3923 1
3924 1
3925 1
3934 1
3946 1
3975 1
3992 2
3993 1
4002 1
4012 1
4023 1
4025 3
4033 1
4049 1
4056 1
4060 1
4065 1
4074 1
4090 1
4098 1
4101 1
4105 1
4114 1
4115 1
4127 1
4132 1
4139 2
4148 1
4151 1
4154 1
4161 1
4177 1
4181 1
4211 1
4213 1
4231 1
4232 1
4263 1
4271 1
4283 1
4299 1
4303 1
4313 1
4314 1
4328 1
4338 1
4351 1
4354 1
4362 2
4386 1
4387 1
4391 1
4430 1
4441 1
4454 1
4465 1
4476 1
4482 1
4485 1
4488 1
4496 1
4497 1
4509 1
4523 1
4526 1
4527 1
4552 1
4574 1
4582 1
4592 2
4622 1
4633 1
4646 1
4652 1
4665 1
4680 1
4690 1
4708 2
4716 1
4730 1
4762 1
4764 1
4766 1
4779 1
4792 1
4813 1
4815 1
4822 1
4823 1
4826 2
4844 1
4846 1
4856 2
4862 1
4869 1
4873 1
4892 1
4895 1
4901 1
4908 1
4933 1
4942 1
4965 1
4976 1
4994 1
4995 1
5007 1
5009 2
5014 2
5039 1
5042 1
5051 1
5058 1
5061 1
5068 1
5090 1
5091 1
5092 2
5104 1
5107 1
5108 1
5129 1
5138 1
5142 1
5144 1
5152 1
5154 2
5164 1
5170 1
5171 1
5174 1
5175 1
5176 1
5182 1
5187 1
5189 3
5199 1
5221 1
5230 1
5234 1
5235 1
5258 1
5263 1
5276 1
5293 1
5326 1
5333 1
5337 1
5348 1
5361 2
5366 1
5373 1
5401 1
5403 1
5405 1
5408 1
5417 1
5423 1
5435 1
5440 1
5444 1
5446 1
5447 1
5449 2
5461 1
5474 2
5479 1
5489 1
5504 1
5509 1
5512 1
5513 1
5516 1
5523 1
5531 1
5533 1
5538 1
5543 1
5563 1
5571 1
5577 1
5585 1
5586 1
5599 1
5619 1
5624 1
5630 1
5634 1
5639 1
5672 1
5683 1
5689 1
5696 1
5705 1
5713 1
5717 1
5753 1
5768 1
5775 1
5776 1
5785 1
5797 1
5800 1
5821 1
5824 1
5850 1
5858 1
5859 1
5865 1
5879 1
5880 1
5894 1
5898 1
5911 1
5913 1
5914 1
5917 1
5925 1
5928 1
5935 1
5941 1
5955 1
5975 1
5976 1
5979 1
5983 1
5996 1
6001 1
6002 1
6013 1
6020 2
6035 1
6057 2
6060 2
6073 2
6081 1
6096 1
6100 1
6109 1
6128 1
6138 1
6151 1
6154 1
6168 1
6170 1
6173 1
6177 1
6189 1
6190 1
6200 1
6210 1
6216 1
6228 1
6237 1
6238 1
6239 1
6241 1
6259 1
6266 1
6280 1
6290 1
6292 1
6308 1
6314 1
6327 1
6328 1
6335 1
6337 2
6340 1
6341 1
6349 1
6357 1
6358 1
6373 1
6384 1
6395 1
6432 2
6443 1
6477 1
6478 1
6480 1
6497 1
6498 1
6509 2
6520 1
6529 2
6536 2
6558 1
6568 1
6571 1
6582 1
6592 1
6607 1
6611 1
6614 2
6616 1
6623 1
6628 1
6630 1
6639 1
6642 1
6672 1
6676 1
6686 1
6689 1
6693 1
6698 1
6701 1
6717 1
6719 1
6724 1
6729 1
6732 1
6763 1
6766 1
6807 1
6810 1
6821 1
6822 1
6823 1
6826 1
6831 1
6839 1
6841 1
6859 1
6860 1
6864 1
6865 1
6888 1
6896 1
6904 1
6908 1
6922 1
6925 1
6928 1
6931 1
6938 1
6971 1
6976 1
6987 1
6991 1
6994 1
7001 1
7009 1
7016 1
7029 1
7030 1
7037 1
7042 1
7044 1
7052 1
7075 1
7077 1
7088 1
7096 1
7098 1
7099 1
7111 1
7128 1
7132 1
7136 1
7152 1
7156 2
7167 1
7181 1
7187 1
7194 1
7203 1
7223 1
7226 1
7230 1
7236 1
7249 1
7262 1
7266 1
7270 1
7271 1
7275 1
7290 1
7294 1
7316 1
7326 1
7328 2
7342 1
7344 1
7347 1
7352 1
7357 1
7371 1
7373 1
7418 1
7425 1
7427 1
7429 2
7431 1
7438 1
7439 1
7447 1
7460 1
7476 1
7485 1
7492 1
7505 1
7543 1
7564 1
7572 1
7579 1
7592 1
7593 1
7594 1
7595 1
7610 1
7620 2
7631 1
7637 1
7645 1
7653 1
7659 1
7663 1
7667 1
7670 1
7671 1
7672 1
7693 1
7697 1
7698 1
7705 1
7711 1
7747 1
7759 1
7770 1
7775 1
7780 1
7793 1
7833 1
7858 1
7868 1
7881 1
7887 1
7897 2
7899 1
7904 1
7927 1
7933 1
7940 1
7955 1
7956 1
7969 1
7984 1
7987 2
7991 1
8013 1
8019 1
8024 1
8027 1
8030 1
8033 1
8048 1
8050 1
8054 1
8065 1
8067 1
8071 1
8077 1
8088 1
8100 2
8101 1
8111 1
8119 1
8155 1
8156 1
8181 1
8182 1
8186 1
8187 1
8189 1
8194 1
8206 1
8226 1
8231 1
8234 1
8249 1
8254 1
8264 1
8286 1
8294 1
8313 1
8317 1
8331 1
8358 1
8360 1
8368 1
8370 1
8376 1
8385 1
8388 1
8399 1
8414 1
8424 1
8426 2
8434 1
8440 1
8451 1
8474 1
8476 1
8479 1
8480 1
8481 1
8519 1
8520 1
8527 1
8538 1
8544 1
8548 1
8567 2
8575 1
8580 1
8582 1
8591 1
8597 1
8602 1
8608 2
8610 1
8632 1
8653 1
8689 1
8697 1
8703 1
8713 2
8715 1
8720 1
8723 1
8730 1
8732 1
8761 1
8774 1
8787 1
8788 1
8790 1
8791 1
8792 1
8796 1
8823 1
8838 1
8839 1
8853 2
8870 1
8877 1
8878 1
8880 1
8887 1
8897 1
8900 1
8911 1
8912 1
8944 1
8967 1
8979 1
8988 1
8994 1
8997 1
9003 1
9007 1
9009 1
9017 1
9055 1
9063 1
9064 1
9095 1
9098 1
9169 1
9189 1
9198 1
9200 1
9202 1
9206 1
9216 1
9241 2
9245 2
9248 1
9251 1
9253 1
9256 1
9263 2
9281 1
9284 1
9293 1
9294 1
9299 1
9321 1
9323 1
9325 1
9333 1
9344 1
9356 1
9366 1
9374 1
9375 1
9379 1
9403 1
9434 1
9441 1
9454 1
9457 1
9470 1
9477 1
9479 1
9484 1
9487 1
9495 1
9496 1
9502 2
9515 1
9518 1
9527 1
9531 1
9556 1
9563 1
9567 1
9569 1
9570 1
9605 1
9607 1
9623 1
9630 1
9633 1
9645 1
9650 1
9652 1
9658 1
9662 1
9664 2
9667 1
9668 1
9675 1
9687 1
9693 1
9700 1
9701 1
9703 1
9707 1
9735 1
9737 1
9746 1
9767 1
9778 1
9788 1
9812 1
9816 1
9817 1
9824 1
9828 1
9836 1
9840 1
9880 1
9893 1
9906 1
9920 1
9938 1
9951 1
9959 1
9961 1
9962 1
9967 1
9974 1
