0 101
1 97
2 105
3 93
4 108
5 103
6 99
7 84
8 128
9 96
10 90
11 106
12 101
13 93
14 89
15 110
16 95
17 84
18 83
19 99
20 98
21 107
22 102
23 102
24 101
25 104
26 96
27 107
28 125
29 111
30 93
31 106
32 108
33 97
34 102
35 100
36 108
37 79
38 81
39 108
40 104
41 105
42 94
43 91
44 100
45 109
46 91
47 92
48 103
49 89
50 91
51 90
52 98
53 83
54 113
55 87
56 122
57 111
58 109
59 100
60 108
61 102
62 102
63 94
64 113
65 86
66 98
67 92
68 98
69 92
70 115
71 102
72 110
73 106
74 102
75 101
76 93
77 113
78 107
79 88
80 102
81 109
82 102
83 103
84 92
85 95
86 99
87 79
88 93
89 99
90 94
91 87
92 104
93 90
94 94
95 97
96 103
97 94
98 109
99 94
100 88
101 89
102 91
103 103
104 98
105 93
106 100
107 98
108 92
109 102
110 92
111 112
112 93
113 99
114 85
115 116
116 86
117 94
118 116
119 86
120 116
121 99
122 92
123 103
124 96
125 111
126 89
127 95
128 102
129 96
130 107
131 101
132 74
133 106
134 93
135 94
136 99
137 97
138 110
139 86
140 84
141 93
142 101
143 99
144 96
145 102
146 114
147 122
148 96
149 93
150 102
151 93
152 106
153 97
154 93
155 97
156 107
157 105
158 113
159 106
160 91
161 100
162 114
163 95
164 114
165 105
166 118
167 107
168 95
169 113
170 107
171 107
172 104
173 103
174 94
175 105
176 96
177 87
178 116
179 91
180 97
181 112
182 84
183 113
184 101
185 87
186 102
187 87
188 105
189 94
190 100
191 94
192 95
193 99
194 104
195 99
196 97
197 103
198 105
199 89
200 102
201 89
202 94
203 93
204 99
205 101
206 96
207 111
208 92
209 94
210 94
211 107
212 111
213 93
214 85
215 114
216 113
217 96
218 113
219 102
220 121
221 94
222 87
223 92
224 89
225 98
226 89
227 111
228 101
229 95
230 103
231 82
232 97
233 109
234 106
235 128
236 87
237 92
238 105
239 115
240 99
241 97
242 113
243 96
244 107
245 128
246 94
247 104
248 93
249 109
250 100
251 96
252 93
253 102
254 100
255 112
256 108
257 107
258 95
259 101
260 105
261 88
262 116
263 92
264 100
265 103
266 91
267 93
268 102
269 101
270 114
271 107
272 113
273 90
274 95
275 107
276 88
277 100
278 112
279 112
280 102
281 109
282 116
283 92
284 104
285 103
286 91
287 109
288 111
289 111
290 103
291 98
292 109
293 91
294 93
295 96
296 95
297 94
298 98
299 104
300 101
301 110
302 114
303 109
304 83
305 107
306 105
307 104
308 90
309 96
310 83
311 110
312 87
313 101
314 105
315 90
316 109
317 93
318 79
319 95
320 104
321 100
322 107
323 98
324 93
325 113
326 107
327 86
328 82
329 106
330 86
331 110
332 105
333 94
334 96
335 97
336 102
337 90
338 117
339 112
340 118
341 101
342 99
343 87
344 94
345 101
346 112
347 102
348 108
349 96
350 106
351 97
352 105
353 81
354 105
355 107
356 97
357 92
358 108
359 101
360 95
361 108
362 96
363 122
364 102
365 93
366 94
367 113
368 116
369 99
370 106
371 104
372 116
373 103
374 110
375 112
376 110
377 98
378 114
379 104
380 102
381 89
382 103
383 92
384 101
385 99
386 99
387 84
388 108
389 129
390 91
391 100
392 101
393 77
394 95
395 93
396 90
397 105
398 101
399 93
400 113
401 86
402 103
403 114
404 110
405 106
406 93
407 97
408 102
409 78
410 92
411 98
412 89
413 111
414 102
415 87
416 103
417 88
418 92
419 99
420 94
421 84
422 92
423 100
424 81
425 114
426 80
427 111
428 104
429 104
430 95
431 103
432 98
433 117
434 117
435 108
436 100
437 96
438 91
439 94
440 118
441 100
442 94
443 112
444 74
445 77
446 115
447 100
448 104
449 93
450 89
451 89
452 89
453 95
454 122
455 93
456 120
457 99
458 96
459 104
460 98
461 93
462 94
463 106
464 102
465 97
466 107
467 98
468 89
469 126
470 112
471 107
472 119
473 112
474 101
475 108
476 88
477 111
478 102
479 108
480 93
481 107
482 99
483 85
484 97
485 96
486 113
487 106
488 98
489 102
490 103
491 115
492 82
493 93
494 105
495 106
496 101
497 108
498 102
499 92
500 81
501 91
502 113
503 91
504 103
505 97
506 95
507 112
508 91
509 114
510 85
511 108
512 92
513 82
514 95
515 104
516 87
517 97
518 107
519 86
520 91
521 93
522 89
523 78
524 102
525 94
526 101
527 100
528 115
529 101
530 96
531 109
532 91
533 82
534 108
535 105
536 81
537 105
538 108
539 100
540 106
541 112
542 113
543 104
544 99
545 92
546 89
547 92
548 115
549 114
550 97
551 99
552 101
553 100
554 93
555 95
556 105
557 94
558 101
559 116
560 106
561 93
562 101
563 105
564 91
565 101
566 119
567 98
568 93
569 91
570 99
571 86
572 93
573 94
574 103
575 99
576 106
577 108
578 91
579 118
580 86
581 111
582 100
583 102
584 101
585 100
586 74
587 96
588 112
589 90
590 95
591 103
592 117
593 101
594 102
595 97
596 93
597 103
598 91
599 96
600 100
601 102
602 102
603 107
604 108
605 84
606 116
607 104
608 84
609 96
610 102
611 110
612 107
613 109
614 86
615 113
616 86
617 104
618 107
619 107
620 107
621 99
622 93
623 103
624 95
625 102
626 119
627 121
628 100
629 94
630 117
631 95
632 99
633 80
634 123
635 81
636 105
637 111
638 92
639 94
640 91
641 102
642 99
643 87
644 89
645 119
646 100
647 114
648 104
649 87
650 88
651 115
652 85
653 96
654 97
655 99
656 102
657 106
658 82
659 101
660 99
661 96
662 110
663 101
664 102
665 102
666 104
667 92
668 91
669 121
670 91
671 103
672 92
673 107
674 112
675 95
676 99
677 91
678 98
679 108
680 101
681 86
682 102
683 91
684 100
685 97
686 104
687 123
688 90
689 118
690 97
691 105
692 104
693 108
694 98
695 111
696 102
697 89
698 81
699 92
700 92
701 98
702 82
703 116
704 91
705 103
706 111
707 91
708 74
709 119
710 111
711 88
712 92
713 106
714 86
715 101
716 125
717 95
718 103
719 103
720 80
721 96
722 88
723 84
724 116
725 82
726 103
727 92
728 95
729 97
730 95
731 99
732 92
733 103
734 101
735 101
736 101
737 79
738 102
739 103
740 103
741 107
742 98
743 90
744 94
745 120
746 95
747 111
748 97
749 83
750 99
751 107
752 102
753 104
754 86
755 111
756 102
757 98
758 90
759 101
760 77
761 80
762 99
763 96
764 90
765 127
766 108
767 111
768 117
769 89
770 93
771 107
772 112
773 113
774 95
775 90
776 111
777 95
778 97
779 114
780 114
781 89
782 99
783 88
784 97
785 115
786 100
787 118
788 96
789 97
790 96
791 77
792 90
793 95
794 101
795 105
796 100
797 88
798 103
799 101
800 100
801 111
802 97
803 109
804 93
805 92
806 104
807 88
808 108
809 100
810 120
811 101
812 98
813 101
814 106
815 99
816 93
817 98
818 92
819 103
820 89
821 102
822 117
823 132
824 123
825 113
826 112
827 93
828 95
829 108
830 92
831 92
832 105
833 105
834 104
835 104
836 106
837 85
838 109
839 101
840 93
841 115
842 92
843 100
844 101
845 95
846 102
847 101
848 87
849 124
850 88
851 99
852 90
853 93
854 101
855 78
856 101
857 92
858 88
859 97
860 83
861 104
862 80
863 96
864 124
865 89
866 104
867 109
868 104
869 102
870 102
871 123
872 81
873 89
874 86
875 102
876 103
877 78
878 102
879 111
880 94
881 92
882 110
883 98
884 102
885 102
886 94
887 84
888 101
889 106
890 103
891 94
892 105
893 103
894 93
895 91
896 112
897 103
898 96
899 83
900 91
901 109
902 111
903 97
904 101
905 101
906 110
907 100
908 85
909 98
910 96
911 98
912 104
913 106
914 99
915 121
916 105
917 116
918 81
919 110
920 112
921 111
922 99
923 101
924 98
925 96
926 98
927 92
928 97
929 109
930 99
931 118
932 93
933 99
934 98
935 120
936 97
937 100
938 96
939 92
940 85
941 115
942 92
943 101
944 93
945 99
946 106
947 91
948 104
949 108
950 85
951 100
952 117
953 106
954 82
955 94
956 116
957 100
958 86
959 99
960 98
961 107
962 90
963 103
964 95
965 86
966 106
967 85
968 116
969 102
970 117
971 98
972 102
973 97
974 94
975 89
976 106
977 112
978 97
979 90
980 89
981 106
982 98
983 93
984 94
985 125
986 92
987 116
988 97
989 98
990 97
991 94
992 94
993 101
994 120
995 107
996 91
997 118
998 113
999 87
1000 96
1001 115
1002 89
1003 110
1004 97
1005 106
1006 107
1007 101
1008 112
1009 107
1010 113
1011 106
1012 109
1013 99
1014 101
1015 94
1016 92
1017 95
1018 96
1019 91
1020 86
1021 118
1022 100
1023 80
1024 101
1025 93
1026 99
1027 101
1028 99
1029 107
1030 120
1031 95
1032 98
1033 95
1034 121
1035 101
1036 114
1037 109
1038 95
1039 92
1040 90
1041 88
1042 85
1043 95
1044 101
1045 100
1046 103
1047 129
1048 101
1049 103
1050 109
1051 110
1052 91
1053 103
1054 96
1055 93
1056 97
1057 88
1058 98
1059 104
1060 86
1061 94
1062 97
1063 103
1064 114
1065 94
1066 110
1067 117
1068 80
1069 87
1070 115
1071 87
1072 93
1073 109
1074 108
1075 87
1076 97
1077 104
1078 123
1079 97
1080 98
1081 106
1082 91
1083 101
1084 104
1085 97
1086 101
1087 92
1088 92
1089 103
1090 104
1091 99
1092 88
1093 99
1094 114
1095 100
1096 97
1097 108
1098 102
1099 101
1100 101
1101 102
1102 93
1103 102
1104 92
1105 96
1106 92
1107 109
1108 101
1109 101
1110 101
1111 105
1112 104
1113 110
1114 102
1115 104
1116 90
1117 96
1118 98
1119 106
1120 95
1121 89
1122 100
1123 103
1124 99
1125 101
1126 100
1127 114
1128 117
1129 80
1130 108
1131 101
1132 117
1133 85
1134 108
1135 118
1136 100
1137 83
1138 121
1139 108
1140 120
1141 109
1142 97
1143 104
1144 92
1145 99
1146 111
1147 85
1148 110
1149 111
1150 112
1151 110
1152 93
1153 86
1154 93
1155 110
1156 93
1157 95
1158 100
1159 99
1160 84
1161 86
1162 86
1163 92
1164 104
1165 95
1166 117
1167 99
1168 101
1169 93
1170 94
1171 99
1172 108
1173 77
1174 99
1175 108
1176 102
1177 103
1178 100
1179 91
1180 109
1181 118
1182 95
1183 100
1184 89
1185 100
1186 109
1187 83
1188 96
1189 95
1190 107
1191 103
1192 104
1193 106
1194 90
1195 100
1196 93
1197 86
1198 97
1199 107
1200 95
1201 103
1202 109
1203 106
1204 96
1205 95
1206 93
1207 81
1208 92
1209 102
1210 86
1211 113
1212 108
1213 92
1214 103
1215 119
1216 95
1217 102
1218 110
1219 103
1220 110
1221 86
1222 100
1223 97
1224 101
1225 103
1226 94
1227 115
1228 110
1229 94
1230 96
1231 106
1232 96
1233 109
1234 104
1235 77
1236 107
1237 114
1238 103
1239 106
1240 104
1241 97
1242 98
1243 109
1244 88
1245 118
1246 99
1247 98
1248 108
1249 88
1250 114
1251 106
1252 79
1253 99
1254 90
1255 96
1256 113
1257 97
1258 112
1259 109
1260 102
1261 101
1262 99
1263 80
1264 95
1265 105
1266 101
1267 117
1268 91
1269 103
1270 96
1271 93
1272 101
1273 86
1274 103
1275 95
1276 99
1277 85
1278 101
1279 92
1280 103
1281 106
1282 108
1283 108
1284 93
1285 122
1286 79
1287 121
1288 120
1289 97
1290 107
1291 101
1292 101
1293 105
1294 110
1295 109
1296 89
1297 89
1298 96
1299 98
1300 80
1301 94
1302 104
1303 114
1304 104
1305 86
1306 89
1307 72
1308 89
1309 92
1310 96
1311 68
1312 93
1313 102
1314 112
1315 100
1316 99
1317 108
1318 101
1319 97
1320 80
1321 95
1322 106
1323 93
1324 95
1325 112
1326 112
1327 94
1328 101
1329 102
1330 121
1331 95
1332 94
1333 88
1334 88
1335 105
1336 86
1337 88
1338 94
1339 73
1340 109
1341 92
1342 95
1343 107
1344 122
1345 123
1346 106
1347 84
1348 106
1349 98
1350 112
1351 86
1352 116
1353 91
1354 108
1355 93
1356 98
1357 91
1358 102
1359 105
1360 83
1361 101
1362 98
1363 101
1364 106
1365 89
1366 95
1367 102
1368 91
1369 106
1370 103
1371 90
1372 102
1373 105
1374 104
1375 91
1376 95
1377 101
1378 93
1379 104
1380 125
1381 118
1382 96
1383 86
1384 100
1385 132
1386 91
1387 110
1388 97
1389 110
1390 116
1391 110
1392 113
1393 99
1394 103
1395 97
1396 78
1397 91
1398 87
1399 115
1400 97
1401 94
1402 106
1403 118
1404 100
1405 107
1406 88
1407 93
1408 99
1409 105
1410 110
1411 105
1412 92
1413 95
1414 102
1415 110
1416 97
1417 86
1418 96
1419 98
1420 92
1421 98
1422 106
1423 104
1424 96
1425 88
1426 94
1427 94
1428 106
1429 99
1430 103
1431 98
1432 99
1433 89
1434 106
1435 96
1436 80
1437 97
1438 91
1439 108
1440 103
1441 106
1442 101
1443 88
1444 102
1445 131
1446 118
1447 103
1448 113
1449 94
1450 96
1451 105
1452 98
1453 97
1454 88
1455 87
1456 99
1457 121
1458 121
1459 99
1460 92
1461 99
1462 96
1463 105
1464 103
1465 109
1466 109
1467 92
1468 106
1469 106
1470 114
1471 110
1472 87
1473 93
1474 106
1475 105
1476 104
1477 119
1478 98
1479 104
1480 122
1481 103
1482 82
1483 111
1484 107
1485 88
1486 95
1487 90
1488 97
1489 99
1490 110
1491 114
1492 102
1493 111
1494 108
1495 107
1496 115
1497 89
1498 111
1499 94
1500 106
1501 111
1502 94
1503 110
1504 100
1505 112
1506 83
1507 88
1508 102
1509 98
1510 96
1511 123
1512 104
1513 112
1514 99
1515 94
1516 106
1517 85
1518 95
1519 119
1520 84
1521 100
1522 104
1523 109
1524 91
1525 108
1526 102
1527 91
1528 96
1529 103
1530 95
1531 94
1532 89
1533 90
1534 103
1535 99
1536 106
1537 102
1538 107
1539 102
1540 112
1541 96
1542 112
1543 113
1544 80
1545 102
1546 112
1547 115
1548 93
1549 118
1550 97
1551 90
1552 98
1553 88
1554 86
1555 121
1556 91
1557 101
1558 83
1559 110
1560 123
1561 110
1562 108
1563 109
1564 112
1565 97
1566 116
1567 106
1568 80
1569 108
1570 105
1571 96
1572 97
1573 97
1574 105
1575 110
1576 82
1577 94
1578 100
1579 95
1580 112
1581 93
1582 86
1583 112
1584 92
1585 90
1586 111
1587 102
1588 111
1589 112
1590 109
1591 95
1592 104
1593 114
1594 117
1595 98
1596 114
1597 102
1598 107
1599 107
1600 102
1601 108
1602 109
1603 77
1604 109
1605 84
1606 93
1607 99
1608 90
1609 101
1610 93
1611 121
1612 105
1613 105
1614 110
1615 88
1616 110
1617 99
1618 106
1619 114
1620 86
1621 86
1622 108
1623 101
1624 106
1625 94
1626 90
1627 89
1628 104
1629 98
1630 82
1631 103
1632 104
1633 92
1634 105
1635 114
1636 103
1637 104
1638 111
1639 95
1640 112
1641 80
1642 99
1643 87
1644 111
1645 106
1646 103
1647 99
1648 89
1649 102
1650 87
1651 128
1652 99
1653 111
1654 96
1655 109
1656 97
1657 107
1658 102
1659 112
1660 85
1661 112
1662 89
1663 115
1664 103
1665 97
1666 90
1667 98
1668 99
1669 88
1670 80
1671 88
1672 97
1673 105
1674 106
1675 105
1676 98
1677 114
1678 104
1679 103
1680 92
1681 106
1682 104
1683 94
1684 94
1685 84
1686 97
1687 87
1688 116
1689 87
1690 98
1691 102
1692 94
1693 96
1694 110
1695 94
1696 114
1697 99
1698 112
1699 91
1700 100
1701 125
1702 95
1703 109
1704 77
1705 96
1706 102
1707 102
1708 97
1709 118
1710 97
1711 97
1712 100
1713 94
1714 107
1715 119
1716 124
1717 113
1718 101
1719 102
1720 98
1721 123
1722 99
1723 89
1724 102
1725 121
1726 94
1727 114
1728 109
1729 78
1730 104
1731 99
1732 99
1733 89
1734 96
1735 94
1736 106
1737 109
1738 105
1739 119
1740 115
1741 114
1742 98
1743 104
1744 94
1745 96
1746 96
1747 101
1748 105
1749 91
1750 108
1751 86
1752 88
1753 89
1754 102
1755 86
1756 104
1757 102
1758 103
1759 102
1760 99
1761 119
1762 94
1763 96
1764 114
1765 104
1766 99
1767 100
1768 111
1769 97
1770 88
1771 107
1772 110
1773 104
1774 104
1775 100
1776 108
1777 103
1778 111
1779 106
1780 105
1781 77
1782 100
1783 96
1784 86
1785 97
1786 98
1787 97
1788 110
1789 94
1790 92
1791 116
1792 102
1793 117
1794 107
1795 110
1796 94
1797 103
1798 82
1799 101
1800 106
1801 110
1802 105
1803 93
1804 102
1805 94
1806 103
1807 107
1808 122
1809 101
1810 110
1811 110
1812 100
1813 96
1814 98
1815 101
1816 104
1817 100
1818 116
1819 102
1820 105
1821 104
1822 119
1823 96
1824 89
1825 99
1826 93
1827 97
1828 104
1829 101
1830 97
1831 99
1832 100
1833 96
1834 88
1835 116
1836 101
1837 92
1838 88
1839 88
1840 92
1841 94
1842 117
1843 98
1844 100
1845 92
1846 81
1847 99
1848 109
1849 100
1850 80
1851 94
1852 98
1853 120
1854 101
1855 99
1856 94
1857 106
1858 103
1859 89
1860 112
1861 97
1862 79
1863 105
1864 86
1865 110
1866 85
1867 113
1868 96
1869 103
1870 100
1871 106
1872 99
1873 96
1874 93
1875 94
1876 85
1877 110
1878 91
1879 86
1880 93
1881 94
1882 102
1883 103
1884 105
1885 99
1886 86
1887 108
1888 83
1889 102
1890 120
1891 89
1892 94
1893 99
1894 93
1895 91
1896 90
1897 110
1898 122
1899 117
1900 95
1901 89
1902 92
1903 105
1904 98
1905 116
1906 99
1907 106
1908 124
1909 91
1910 117
1911 100
1912 111
1913 86
1914 104
1915 104
1916 112
1917 87
1918 95
1919 108
1920 104
1921 123
1922 103
1923 84
1924 107
1925 116
1926 98
1927 98
1928 107
1929 102
1930 98
1931 96
1932 98
1933 97
1934 84
1935 104
1936 95
1937 108
1938 82
1939 107
1940 106
1941 87
1942 109
1943 130
1944 91
1945 93
1946 88
1947 92
1948 85
1949 96
1950 115
1951 100
1952 97
1953 95
1954 103
1955 119
1956 94
1957 99
1958 104
1959 92
1960 105
1961 97
1962 104
1963 92
1964 103
1965 109
1966 119
1967 99
1968 96
1969 97
1970 79
1971 93
1972 89
1973 106
1974 108
1975 89
1976 109
1977 94
1978 110
1979 89
1980 103
1981 111
1982 102
1983 95
1984 96
1985 102
1986 101
1987 94
1988 115
1989 108
1990 106
1991 108
1992 96
1993 112
1994 105
1995 111
1996 115
1997 79
1998 104
1999 91
2000 100
2001 91
2002 101
2003 81
2004 110
2005 99
2006 93
2007 102
2008 98
2009 95
2010 89
2011 95
2012 111
2013 84
2014 96
2015 106
2016 91
2017 98
2018 89
2019 101
2020 109
2021 74
2022 102
2023 107
2024 99
2025 105
2026 114
2027 91
2028 103
2029 87
2030 95
2031 107
2032 107
2033 107
2034 105
2035 92
2036 97
2037 112
2038 110
2039 89
2040 87
2041 107
2042 105
2043 102
2044 100
2045 98
2046 99
2047 104
2048 98
2049 100
2050 104
2051 114
2052 121
2053 79
2054 112
2055 102
2056 96
2057 91
2058 91
2059 112
2060 104
2061 125
2062 95
2063 105
2064 104
2065 101
2066 102
2067 108
2068 96
2069 104
2070 89
2071 119
2072 101
2073 88
2074 87
2075 85
2076 121
2077 106
2078 101
2079 90
2080 99
2081 117
2082 95
2083 102
2084 88
2085 95
2086 101
2087 110
2088 113
2089 98
2090 89
2091 107
2092 87
2093 117
2094 95
2095 105
2096 107
2097 88
2098 99
2099 94
2100 115
2101 98
2102 110
2103 106
2104 94
2105 109
2106 87
2107 103
2108 90
2109 86
2110 94
2111 84
2112 104
2113 101
2114 96
2115 107
2116 123
2117 86
2118 94
2119 87
2120 93
2121 102
2122 96
2123 102
2124 89
2125 105
2126 76
2127 103
2128 123
2129 100
2130 92
2131 105
2132 73
2133 84
2134 80
2135 96
2136 107
2137 97
2138 103
2139 104
2140 108
2141 106
2142 92
2143 104
2144 111
2145 114
2146 86
2147 92
2148 109
2149 106
2150 106
2151 100
2152 101
2153 109
2154 84
2155 88
2156 80
2157 98
2158 108
2159 121
2160 78
2161 114
2162 122
2163 102
2164 87
2165 93
2166 103
2167 95
2168 97
2169 99
2170 104
2171 106
2172 92
2173 119
2174 112
2175 107
2176 83
2177 96
2178 95
2179 119
2180 77
2181 110
2182 85
2183 117
2184 88
2185 83
2186 100
2187 108
2188 104
2189 105
2190 103
2191 106
2192 100
2193 99
2194 89
2195 105
2196 107
2197 101
2198 120
2199 100
2200 93
2201 129
2202 105
2203 101
2204 116
2205 81
2206 113
2207 97
2208 89
2209 99
2210 100
2211 98
2212 82
2213 92
2214 98
2215 104
2216 97
2217 86
2218 94
2219 87
2220 95
2221 86
2222 122
2223 111
2224 106
2225 120
2226 110
2227 107
2228 101
2229 94
2230 112
2231 87
2232 99
2233 85
2234 80
2235 109
2236 110
2237 113
2238 99
2239 102
2240 104
2241 89
2242 116
2243 97
2244 88
2245 98
2246 102
2247 101
2248 95
2249 96
2250 76
2251 103
2252 109
2253 104
2254 96
2255 92
2256 86
2257 108
2258 85
2259 108
2260 74
2261 106
2262 114
2263 74
2264 96
2265 101
2266 94
2267 99
2268 93
2269 109
2270 109
2271 101
2272 85
2273 87
2274 101
2275 106
2276 89
2277 96
2278 101
2279 103
2280 101
2281 118
2282 86
2283 92
2284 115
2285 96
2286 90
2287 121
2288 101
2289 112
2290 97
2291 106
2292 90
2293 85
2294 85
2295 97
2296 96
2297 108
2298 119
2299 89
2300 95
2301 90
2302 103
2303 106
2304 93
2305 100
2306 118
2307 101
2308 88
2309 89
2310 93
2311 107
2312 111
2313 111
2314 101
2315 107
2316 102
2317 98
2318 102
2319 99
2320 91
2321 109
2322 105
2323 112
2324 105
2325 91
2326 88
2327 90
2328 108
2329 103
2330 114
2331 95
2332 94
2333 101
2334 93
2335 96
2336 97
2337 89
2338 109
2339 109
2340 101
2341 105
2342 76
2343 92
2344 106
2345 107
2346 96
2347 104
2348 97
2349 103
2350 80
2351 98
2352 102
2353 107
2354 108
2355 77
2356 113
2357 100
2358 82
2359 114
2360 108
2361 112
2362 104
2363 106
2364 96
2365 120
2366 104
2367 102
2368 97
2369 106
2370 107
2371 91
2372 89
2373 115
2374 99
2375 105
2376 107
2377 92
2378 106
2379 98
2380 105
2381 94
2382 84
2383 100
2384 84
2385 108
2386 99
2387 101
2388 92
2389 109
2390 102
2391 93
2392 83
2393 102
2394 106
2395 117
2396 101
2397 94
2398 111
2399 104
2400 97
2401 108
2402 98
2403 111
2404 93
2405 98
2406 95
2407 102
2408 103
2409 104
2410 101
2411 94
2412 108
2413 124
2414 102
2415 90
2416 105
2417 99
2418 95
2419 96
2420 112
2421 109
2422 90
2423 98
2424 93
2425 85
2426 101
2427 105
2428 91
2429 92
2430 95
2431 101
2432 93
2433 98
2434 103
2435 106
2436 119
2437 92
2438 85
2439 108
2440 96
2441 117
2442 95
2443 90
2444 83
2445 101
2446 88
2447 110
2448 107
2449 89
2450 109
2451 111
2452 100
2453 97
2454 93
2455 101
2456 89
2457 93
2458 103
2459 94
2460 106
2461 87
2462 91
2463 104
2464 106
2465 95
2466 97
2467 105
2468 90
2469 97
2470 96
2471 102
2472 115
2473 82
2474 101
2475 106
2476 104
2477 118
2478 99
2479 99
2480 114
2481 112
2482 84
2483 119
2484 97
2485 95
2486 101
2487 81
2488 99
2489 114
2490 99
2491 102
2492 96
2493 98
2494 94
2495 112
2496 98
2497 95
2498 119
2499 94
2500 86
2501 89
2502 104
2503 110
2504 110
2505 89
2506 92
2507 84
2508 122
2509 87
2510 104
2511 106
2512 98
2513 95
2514 100
2515 83
2516 92
2517 98
2518 86
2519 94
2520 97
2521 110
2522 105
2523 116
2524 114
2525 103
2526 96
2527 97
2528 105
2529 110
2530 102
2531 105
2532 98
2533 96
2534 92
2535 86
2536 128
2537 91
2538 96
2539 117
2540 112
2541 114
2542 102
2543 89
2544 84
2545 108
2546 97
2547 105
2548 99
2549 104
2550 116
2551 110
2552 104
2553 120
2554 87
2555 83
2556 85
2557 100
2558 115
2559 104
2560 88
2561 80
2562 90
2563 81
2564 97
2565 99
2566 100
2567 106
2568 105
2569 96
2570 115
2571 118
2572 92
2573 91
2574 116
2575 86
2576 99
2577 99
2578 96
2579 110
2580 84
2581 112
2582 108
2583 116
2584 97
2585 82
2586 111
2587 118
2588 100
2589 101
2590 101
2591 80
2592 98
2593 88
2594 111
2595 108
2596 94
2597 106
2598 89
2599 110
2600 114
2601 115
2602 101
2603 106
2604 94
2605 79
2606 107
2607 96
2608 103
2609 101
2610 113
2611 102
2612 91
2613 110
2614 125
2615 98
2616 92
2617 104
2618 109
2619 111
2620 103
2621 111
2622 88
2623 102
2624 112
2625 123
2626 97
2627 97
2628 105
2629 92
2630 118
2631 98
2632 92
2633 90
2634 95
2635 100
2636 102
2637 99
2638 96
2639 116
2640 105
2641 109
2642 102
2643 95
2644 99
2645 111
2646 103
2647 92
2648 91
2649 102
2650 114
2651 111
2652 110
2653 101
2654 75
2655 111
2656 92
2657 112
2658 94
2659 95
2660 87
2661 101
2662 104
2663 98
2664 97
2665 110
2666 104
2667 108
2668 102
2669 94
2670 102
2671 90
2672 107
2673 102
2674 105
2675 85
2676 105
2677 116
2678 89
2679 82
2680 94
2681 116
2682 97
2683 103
2684 93
2685 102
2686 115
2687 82
2688 119
2689 105
2690 87
2691 102
2692 116
2693 100
2694 102
2695 77
2696 112
2697 96
2698 101
2699 90
2700 87
2701 98
2702 67
2703 103
2704 95
2705 88
2706 102
2707 102
2708 101
2709 90
2710 86
2711 102
2712 96
2713 99
2714 102
2715 77
2716 112
2717 83
2718 103
2719 111
2720 89
2721 103
2722 72
2723 105
2724 94
2725 91
2726 99
2727 107
2728 94
2729 112
2730 84
2731 92
2732 84
2733 125
2734 98
2735 92
2736 105
2737 110
2738 97
2739 97
2740 93
2741 97
2742 114
2743 84
2744 118
2745 104
2746 103
2747 110
2748 102
2749 114
2750 91
2751 100
2752 89
2753 115
2754 103
2755 92
2756 108
2757 101
2758 87
2759 83
2760 107
2761 111
2762 101
2763 85
2764 104
2765 89
2766 118
2767 109
2768 107
2769 82
2770 101
2771 93
2772 71
2773 85
2774 104
2775 95
2776 82
2777 94
2778 93
2779 94
2780 114
2781 108
2782 94
2783 101
2784 113
2785 114
2786 100
2787 93
2788 94
2789 83
2790 97
2791 110
2792 100
2793 102
2794 111
2795 110
2796 87
2797 107
2798 111
2799 92
2800 98
2801 96
2802 107
2803 102
2804 94
2805 100
2806 95
2807 93
2808 115
2809 96
2810 109
2811 95
2812 95
2813 96
2814 112
2815 95
2816 95
2817 107
2818 126
2819 109
2820 94
2821 95
2822 82
2823 94
2824 103
2825 114
2826 107
2827 112
2828 104
2829 99
2830 102
2831 97
2832 122
2833 84
2834 109
2835 104
2836 95
2837 98
2838 94
2839 97
2840 101
2841 110
2842 74
2843 110
2844 103
2845 107
2846 104
2847 99
2848 100
2849 102
2850 88
2851 108
2852 104
2853 87
2854 105
2855 100
2856 110
2857 104
2858 108
2859 112
2860 95
2861 96
2862 96
2863 100
2864 85
2865 87
2866 103
2867 96
2868 91
2869 98
2870 119
2871 104
2872 97
2873 101
2874 95
2875 87
2876 103
2877 116
2878 95
2879 103
2880 106
2881 93
2882 108
2883 90
2884 88
2885 89
2886 101
2887 106
2888 108
2889 101
2890 119
2891 93
2892 87
2893 98
2894 107
2895 104
2896 108
2897 89
2898 95
2899 86
2900 110
2901 116
2902 88
2903 107
2904 101
2905 97
2906 97
2907 93
2908 110
2909 84
2910 130
2911 78
2912 111
2913 99
2914 108
2915 102
2916 99
2917 95
2918 99
2919 106
2920 103
2921 108
2922 98
2923 95
2924 112
2925 95
2926 94
2927 105
2928 96
2929 105
2930 99
2931 83
2932 115
2933 86
2934 84
2935 105
2936 100
2937 115
2938 100
2939 96
2940 95
2941 115
2942 99
2943 97
2944 101
2945 105
2946 85
2947 90
2948 97
2949 89
2950 103
2951 97
2952 93
2953 101
2954 99
2955 101
2956 115
2957 104
2958 96
2959 102
2960 89
2961 110
2962 109
2963 112
2964 114
2965 96
2966 94
2967 115
2968 100
2969 96
2970 83
2971 91
2972 111
2973 104
2974 99
2975 94
2976 92
2977 99
2978 120
2979 115
2980 113
2981 110
2982 105
2983 105
2984 98
2985 122
2986 120
2987 107
2988 100
2989 106
2990 89
2991 104
2992 115
2993 106
2994 94
2995 86
2996 121
2997 94
2998 98
2999 81
3000 91
3001 96
3002 110
3003 95
3004 108
3005 99
3006 97
3007 92
3008 98
3009 109
3010 89
3011 119
3012 101
3013 97
3014 85
3015 100
3016 102
3017 101
3018 94
3019 109
3020 103
3021 90
3022 107
3023 91
3024 110
3025 115
3026 82
3027 103
3028 90
3029 111
3030 105
3031 117
3032 103
3033 104
3034 103
3035 102
3036 94
3037 104
3038 89
3039 95
3040 82
3041 100
3042 114
3043 115
3044 105
3045 108
3046 100
3047 100
3048 97
3049 93
3050 118
3051 110
3052 99
3053 89
3054 105
3055 83
3056 108
3057 101
3058 113
3059 112
3060 124
3061 110
3062 102
3063 94
3064 118
3065 88
3066 101
3067 109
3068 103
3069 87
3070 101
3071 108
3072 107
3073 81
3074 101
3075 96
3076 108
3077 102
3078 91
3079 111
3080 114
3081 100
3082 89
3083 96
3084 91
3085 93
3086 105
3087 115
3088 97
3089 101
3090 91
3091 117
3092 100
3093 94
3094 85
3095 98
3096 103
3097 97
3098 83
3099 88
3100 117
3101 107
3102 101
3103 89
3104 107
3105 103
3106 99
3107 87
3108 82
3109 96
3110 109
3111 91
3112 99
3113 89
3114 95
3115 102
3116 111
3117 110
3118 109
3119 103
3120 99
3121 101
3122 96
3123 100
3124 92
3125 76
3126 104
3127 101
3128 110
3129 103
3130 111
3131 91
3132 89
3133 94
3134 100
3135 93
3136 89
3137 113
3138 112
3139 80
3140 100
3141 91
3142 100
3143 93
3144 102
3145 91
3146 85
3147 97
3148 104
3149 103
3150 101
3151 102
3152 99
3153 117
3154 97
3155 115
3156 109
3157 108
3158 105
3159 96
3160 90
3161 94
3162 100
3163 104
3164 111
3165 88
3166 126
3167 103
3168 102
3169 86
3170 79
3171 111
3172 95
3173 82
3174 88
3175 97
3176 97
3177 98
3178 91
3179 78
3180 92
3181 96
3182 100
3183 99
3184 88
3185 95
3186 87
3187 98
3188 104
3189 91
3190 99
3191 98
3192 80
3193 109
3194 80
3195 97
3196 101
3197 108
3198 107
3199 97
3200 98
3201 94
3202 100
3203 97
3204 104
3205 93
3206 116
3207 76
3208 90
3209 102
3210 112
3211 100
3212 91
3213 105
3214 92
3215 88
3216 109
3217 96
3218 91
3219 97
3220 111
3221 89
3222 116
3223 85
3224 106
3225 111
3226 114
3227 103
3228 103
3229 103
3230 114
3231 93
3232 95
3233 93
3234 116
3235 104
3236 101
3237 90
3238 113
3239 102
3240 98
3241 112
3242 97
3243 112
3244 94
3245 108
3246 102
3247 97
3248 99
3249 100
3250 97
3251 107
3252 87
3253 102
3254 97
3255 103
3256 100
3257 74
3258 102
3259 97
3260 105
3261 93
3262 79
3263 99
3264 96
3265 86
3266 116
3267 110
3268 87
3269 97
3270 104
3271 106
3272 100
3273 100
3274 115
3275 106
3276 104
3277 88
3278 88
3279 100
3280 101
3281 101
3282 97
3283 107
3284 113
3285 92
3286 106
3287 95
3288 101
3289 93
3290 91
3291 80
3292 96
3293 98
3294 92
3295 96
3296 102
3297 94
3298 86
3299 84
3300 113
3301 109
3302 103
3303 77
3304 94
3305 110
3306 102
3307 89
3308 106
3309 103
3310 117
3311 100
3312 105
3313 93
3314 94
3315 100
3316 114
3317 126
3318 115
3319 110
3320 103
3321 100
3322 106
3323 94
3324 98
3325 81
3326 102
3327 92
3328 118
3329 102
3330 98
3331 94
3332 97
3333 117
3334 91
3335 99
3336 106
3337 99
3338 102
3339 104
3340 100
3341 89
3342 98
3343 93
3344 100
3345 92
3346 103
3347 96
3348 99
3349 94
3350 84
3351 111
3352 112
3353 103
3354 94
3355 89
3356 93
3357 115
3358 115
3359 105
3360 111
3361 94
3362 114
3363 92
3364 90
3365 86
3366 91
3367 87
3368 94
3369 117
3370 93
3371 98
3372 91
3373 112
3374 92
3375 108
3376 100
3377 114
3378 100
3379 93
3380 110
3381 124
3382 86
3383 99
3384 96
3385 94
3386 103
3387 113
3388 105
3389 84
3390 93
3391 96
3392 103
3393 117
3394 78
3395 96
3396 113
3397 111
3398 109
3399 97
3400 108
3401 92
3402 98
3403 104
3404 104
3405 112
3406 122
3407 98
3408 108
3409 87
3410 108
3411 91
3412 80
3413 112
3414 94
3415 89
3416 108
3417 96
3418 88
3419 100
3420 125
3421 110
3422 109
3423 102
3424 104
3425 110
3426 85
3427 107
3428 112
3429 99
3430 106
3431 101
3432 108
3433 98
3434 92
3435 94
3436 100
3437 111
3438 126
3439 112
3440 98
3441 108
3442 96
3443 102
3444 100
3445 98
3446 113
3447 97
3448 96
3449 112
3450 98
3451 90
3452 101
3453 91
3454 101
3455 111
3456 98
3457 86
3458 115
3459 93
3460 98
3461 92
3462 104
3463 94
3464 103
3465 98
3466 110
3467 114
3468 99
3469 96
3470 99
3471 93
3472 120
3473 110
3474 81
3475 110
3476 116
3477 101
3478 87
3479 89
3480 96
3481 102
3482 111
3483 99
3484 106
3485 114
3486 102
3487 97
3488 82
3489 98
3490 100
3491 107
3492 118
3493 109
3494 98
3495 113
3496 104
3497 104
3498 103
3499 117
3500 104
3501 103
3502 98
3503 118
3504 94
3505 92
3506 106
3507 102
3508 105
3509 109
3510 93
3511 97
3512 102
3513 102
3514 110
3515 107
3516 85
3517 111
3518 97
3519 112
3520 102
3521 85
3522 95
3523 95
3524 104
3525 92
3526 116
3527 100
3528 107
3529 95
3530 104
3531 97
3532 103
3533 84
3534 93
3535 89
3536 98
3537 103
3538 84
3539 110
3540 99
3541 110
3542 108
3543 103
3544 79
3545 97
3546 91
3547 95
3548 95
3549 94
3550 108
3551 101
3552 107
3553 116
3554 124
3555 97
3556 116
3557 88
3558 118
3559 111
3560 87
3561 104
3562 114
3563 97
3564 100
3565 110
3566 108
3567 93
3568 130
3569 95
3570 113
3571 83
3572 97
3573 101
3574 90
3575 86
3576 96
3577 88
3578 108
3579 115
3580 105
3581 85
3582 97
3583 93
3584 95
3585 111
3586 103
3587 87
3588 100
3589 92
3590 88
3591 110
3592 94
3593 83
3594 103
3595 84
3596 116
3597 87
3598 103
3599 95
3600 100
3601 113
3602 108
3603 100
3604 107
3605 106
3606 98
3607 79
3608 79
3609 115
3610 96
3611 110
3612 112
3613 103
3614 97
3615 90
3616 99
3617 114
3618 114
3619 107
3620 91
3621 98
3622 110
3623 106
3624 99
3625 92
3626 93
3627 89
3628 92
3629 98
3630 108
3631 103
3632 106
3633 93
3634 112
3635 112
3636 99
3637 95
3638 116
3639 104
3640 75
3641 126
3642 102
3643 97
3644 82
3645 89
3646 104
3647 105
3648 97
3649 110
3650 97
3651 109
3652 103
3653 87
3654 78
3655 92
3656 118
3657 103
3658 96
3659 101
3660 107
3661 108
3662 103
3663 104
3664 72
3665 111
3666 106
3667 107
3668 90
3669 92
3670 96
3671 103
3672 100
3673 99
3674 121
3675 104
3676 106
3677 110
3678 90
3679 84
3680 93
3681 121
3682 106
3683 100
3684 83
3685 89
3686 91
3687 84
3688 96
3689 95
3690 93
3691 97
3692 96
3693 92
3694 98
3695 96
3696 82
3697 98
3698 110
3699 94
3700 102
3701 113
3702 101
3703 94
3704 99
3705 113
3706 111
3707 96
3708 114
3709 90
3710 115
3711 89
3712 110
3713 102
3714 110
3715 96
3716 92
3717 93
3718 94
3719 96
3720 105
3721 105
3722 100
3723 101
3724 107
3725 106
3726 93
3727 101
3728 83
3729 112
3730 114
3731 103
3732 108
3733 101
3734 113
3735 101
3736 111
3737 119
3738 73
3739 92
3740 102
3741 108
3742 126
3743 119
3744 111
3745 109
3746 95
3747 99
3748 97
3749 102
3750 97
3751 130
3752 100
3753 93
3754 93
3755 98
3756 115
3757 91
3758 92
3759 97
3760 93
3761 103
3762 106
3763 105
3764 92
3765 92
3766 86
3767 97
3768 69
3769 97
3770 102
3771 104
3772 101
3773 87
3774 101
3775 83
3776 91
3777 90
3778 109
3779 99
3780 110
3781 109
3782 91
3783 86
3784 91
3785 99
3786 94
3787 85
3788 91
3789 99
3790 133
3791 105
3792 106
3793 102
3794 114
3795 92
3796 91
3797 100
3798 95
3799 99
3800 103
3801 105
3802 110
3803 95
3804 103
3805 90
3806 93
3807 94
3808 98
3809 89
3810 101
3811 87
3812 81
3813 97
3814 103
3815 87
3816 93
3817 92
3818 101
3819 108
3820 99
3821 84
3822 120
3823 109
3824 90
3825 112
3826 109
3827 99
3828 97
3829 114
3830 113
3831 92
3832 95
3833 78
3834 88
3835 86
3836 113
3837 99
3838 107
3839 106
3840 106
3841 120
3842 107
3843 107
3844 111
3845 98
3846 92
3847 121
3848 116
3849 114
3850 94
3851 101
3852 95
3853 97
3854 82
3855 96
3856 79
3857 96
3858 84
3859 92
3860 110
3861 89
3862 100
3863 115
3864 119
3865 99
3866 104
3867 115
3868 99
3869 96
3870 101
3871 118
3872 126
3873 98
3874 95
3875 103
3876 84
3877 101
3878 95
3879 86
3880 85
3881 103
3882 73
3883 106
3884 88
3885 91
3886 94
3887 99
3888 88
3889 88
3890 95
3891 92
3892 94
3893 99
3894 108
3895 108
3896 87
3897 102
3898 116
3899 107
3900 104
3901 105
3902 90
3903 114
3904 99
3905 82
3906 113
3907 116
3908 112
3909 105
3910 89
3911 99
3912 99
3913 97
3914 96
3915 101
3916 103
3917 95
3918 79
3919 105
3920 92
3921 81
3922 115
3923 99
3924 91
3925 103
3926 92
3927 98
3928 105
3929 85
3930 101
3931 95
3932 86
3933 111
3934 114
3935 91
3936 91
3937 91
3938 102
3939 91
3940 81
3941 83
3942 93
3943 100
3944 93
3945 98
3946 85
3947 106
3948 96
3949 79
3950 103
3951 91
3952 92
3953 117
3954 87
3955 101
3956 104
3957 102
3958 98
3959 102
3960 110
3961 114
3962 101
3963 94
3964 108
3965 103
3966 95
3967 125
3968 96
3969 94
3970 81
3971 107
3972 92
3973 85
3974 114
3975 105
3976 91
3977 111
3978 98
3979 100
3980 91
3981 100
3982 112
3983 89
3984 114
3985 101
3986 105
3987 99
3988 91
3989 90
3990 84
3991 107
3992 112
3993 91
3994 93
3995 104
3996 130
3997 102
3998 96
3999 106
4000 101
4001 114
4002 90
4003 85
4004 98
4005 105
4006 104
4007 108
4008 112
4009 114
4010 89
4011 91
4012 108
4013 80
4014 106
4015 93
4016 110
4017 105
4018 100
4019 110
4020 108
4021 99
4022 86
4023 86
4024 100
4025 94
4026 83
4027 114
4028 94
4029 106
4030 98
4031 90
4032 97
4033 104
4034 103
4035 95
4036 114
4037 96
4038 90
4039 105
4040 100
4041 102
4042 107
4043 81
4044 93
4045 83
4046 111
4047 119
4048 98
4049 99
4050 108
4051 96
4052 84
4053 114
4054 106
4055 96
4056 97
4057 100
4058 110
4059 102
4060 79
4061 87
4062 103
4063 96
4064 101
4065 100
4066 97
4067 92
4068 104
4069 109
4070 102
4071 97
4072 100
4073 96
4074 101
4075 104
4076 99
4077 104
4078 101
4079 103
4080 91
4081 86
4082 109
4083 100
4084 104
4085 105
4086 97
4087 100
4088 112
4089 85
4090 114
4091 117
4092 106
4093 109
4094 98
4095 110
4096 102
4097 100
4098 104
4099 95
4100 96
4101 96
4102 85
4103 89
4104 118
4105 107
4106 106
4107 102
4108 110
4109 117
4110 90
4111 103
4112 127
4113 100
4114 105
4115 99
4116 100
4117 108
4118 118
4119 91
4120 110
4121 105
4122 88
4123 76
4124 106
4125 112
4126 100
4127 107
4128 102
4129 87
4130 131
4131 102
4132 105
4133 115
4134 97
4135 113
4136 97
4137 88
4138 102
4139 99
4140 69
4141 107
4142 99
4143 106
4144 82
4145 90
4146 96
4147 98
4148 98
4149 98
4150 89
4151 128
4152 86
4153 82
4154 89
4155 100
4156 103
4157 80
4158 91
4159 94
4160 98
4161 93
4162 92
4163 89
4164 115
4165 112
4166 93
4167 102
4168 91
4169 99
4170 88
4171 94
4172 104
4173 89
4174 109
4175 94
4176 101
4177 94
4178 113
4179 105
4180 104
4181 102
4182 104
4183 85
4184 92
4185 109
4186 100
4187 91
4188 91
4189 88
4190 100
4191 106
4192 85
4193 120
4194 88
4195 97
4196 109
4197 107
4198 98
4199 94
4200 102
4201 97
4202 111
4203 78
4204 106
4205 92
4206 84
4207 106
4208 105
4209 93
4210 103
4211 96
4212 105
4213 95
4214 104
4215 80
4216 101
4217 121
4218 106
4219 98
4220 98
4221 106
4222 93
4223 105
4224 99
4225 102
4226 101
4227 114
4228 87
4229 118
4230 108
4231 96
4232 96
4233 108
4234 116
4235 89
4236 87
4237 113
4238 95
4239 114
4240 99
4241 106
4242 108
4243 92
4244 99
4245 94
4246 96
4247 96
4248 120
4249 95
4250 102
4251 102
4252 84
4253 98
4254 84
4255 84
4256 96
4257 127
4258 82
4259 108
4260 98
4261 101
4262 106
4263 103
4264 84
4265 104
4266 116
4267 91
4268 93
4269 99
4270 120
4271 104
4272 103
4273 121
4274 121
4275 94
4276 105
4277 86
4278 99
4279 116
4280 99
4281 95
4282 100
4283 119
4284 86
4285 95
4286 102
4287 102
4288 92
4289 101
4290 79
4291 90
4292 118
4293 104
4294 100
4295 120
4296 108
4297 92
4298 104
4299 96
4300 101
4301 101
4302 97
4303 99
4304 88
4305 104
4306 110
4307 95
4308 94
4309 86
4310 133
4311 95
4312 112
4313 96
4314 97
4315 102
4316 112
4317 115
4318 95
4319 114
4320 100
4321 97
4322 94
4323 101
4324 65
4325 99
4326 104
4327 98
4328 114
4329 114
4330 111
4331 101
4332 108
4333 76
4334 91
4335 104
4336 101
4337 98
4338 99
4339 94
4340 110
4341 80
4342 92
4343 95
4344 90
4345 94
4346 104
4347 87
4348 94
4349 101
4350 99
4351 96
4352 91
4353 106
4354 103
4355 89
4356 106
4357 93
4358 109
4359 101
4360 88
4361 98
4362 122
4363 97
4364 83
4365 100
4366 107
4367 108
4368 101
4369 107
4370 95
4371 105
4372 103
4373 101
4374 100
4375 109
4376 90
4377 95
4378 109
4379 123
4380 93
4381 105
4382 115
4383 89
4384 89
4385 100
4386 95
4387 101
4388 102
4389 98
4390 117
4391 96
4392 108
4393 107
4394 103
4395 92
4396 108
4397 90
4398 93
4399 106
4400 93
4401 92
4402 103
4403 97
4404 101
4405 102
4406 87
4407 101
4408 117
4409 107
4410 85
4411 92
4412 96
4413 117
4414 90
4415 100
4416 85
4417 104
4418 105
4419 100
4420 106
4421 87
4422 91
4423 91
4424 107
4425 100
4426 102
4427 95
4428 95
4429 94
4430 102
4431 75
4432 89
4433 94
4434 94
4435 98
4436 99
4437 105
4438 106
4439 118
4440 115
4441 115
4442 101
4443 99
4444 96
4445 95
4446 94
4447 87
4448 102
4449 106
4450 83
4451 88
4452 105
4453 107
4454 129
4455 119
4456 101
4457 106
4458 95
4459 108
4460 96
4461 96
4462 116
4463 96
4464 102
4465 104
4466 109
4467 104
4468 102
4469 102
4470 97
4471 98
4472 84
4473 90
4474 92
4475 105
4476 102
4477 108
4478 104
4479 104
4480 118
4481 98
4482 91
4483 86
4484 100
4485 110
4486 82
4487 108
4488 97
4489 86
4490 95
4491 87
4492 89
4493 87
4494 89
4495 92
4496 94
4497 76
4498 87
4499 89
4500 88
4501 90
4502 99
4503 99
4504 107
4505 106
4506 108
4507 85
4508 100
4509 86
4510 92
4511 101
4512 95
4513 102
4514 82
4515 95
4516 81
4517 91
4518 108
4519 107
4520 103
4521 106
4522 81
4523 97
4524 94
4525 67
4526 103
4527 112
4528 92
4529 110
4530 104
4531 92
4532 94
4533 90
4534 101
4535 96
4536 76
4537 99
4538 101
4539 109
4540 106
4541 99
4542 90
4543 100
4544 110
4545 95
4546 114
4547 90
4548 110
4549 104
4550 102
4551 105
4552 97
4553 94
4554 102
4555 104
4556 91
4557 91
4558 104
4559 94
4560 92
4561 97
4562 95
4563 106
4564 90
4565 111
4566 98
4567 108
4568 99
4569 88
4570 89
4571 106
4572 83
4573 91
4574 97
4575 108
4576 98
4577 100
4578 99
4579 106
4580 102
4581 91
4582 95
4583 98
4584 116
4585 104
4586 100
4587 88
4588 101
4589 97
4590 83
4591 83
4592 101
4593 94
4594 92
4595 107
4596 105
4597 81
4598 103
4599 93
4600 118
4601 87
4602 94
4603 93
4604 110
4605 87
4606 79
4607 102
4608 97
4609 104
4610 91
4611 91
4612 100
4613 97
4614 97
4615 89
4616 88
4617 99
4618 101
4619 108
4620 92
4621 100
4622 103
4623 102
4624 100
4625 100
4626 106
4627 111
4628 105
4629 119
4630 100
4631 112
4632 107
4633 110
4634 80
4635 112
4636 101
4637 103
4638 104
4639 99
4640 103
4641 104
4642 110
4643 108
4644 106
4645 96
4646 95
4647 100
4648 94
4649 110
4650 116
4651 99
4652 101
4653 97
4654 88
4655 73
4656 95
4657 102
4658 109
4659 98
4660 110
4661 102
4662 113
4663 96
4664 102
4665 104
4666 106
4667 104
4668 104
4669 93
4670 91
4671 122
4672 103
4673 99
4674 108
4675 94
4676 105
4677 102
4678 95
4679 102
4680 100
4681 96
4682 86
4683 81
4684 94
4685 115
4686 101
4687 99
4688 99
4689 94
4690 95
4691 111
4692 111
4693 92
4694 112
4695 90
4696 92
4697 85
4698 96
4699 109
4700 110
4701 102
4702 91
4703 101
4704 89
4705 100
4706 93
4707 88
4708 110
4709 101
4710 88
4711 90
4712 99
4713 107
4714 103
4715 103
4716 108
4717 106
4718 115
4719 97
4720 109
4721 118
4722 90
4723 91
4724 105
4725 91
4726 98
4727 101
4728 117
4729 98
4730 102
4731 86
4732 119
4733 75
4734 86
4735 101
4736 104
4737 97
4738 110
4739 110
4740 100
4741 107
4742 88
4743 86
4744 86
4745 100
4746 101
4747 85
4748 108
4749 98
4750 114
4751 109
4752 100
4753 77
4754 84
4755 88
4756 99
4757 109
4758 97
4759 91
4760 100
4761 89
4762 107
4763 115
4764 104
4765 108
4766 102
4767 81
4768 90
4769 94
4770 96
4771 100
4772 120
4773 97
4774 95
4775 99
4776 109
4777 109
4778 104
4779 109
4780 92
4781 86
4782 116
4783 88
4784 93
4785 85
4786 86
4787 89
4788 100
4789 107
4790 88
4791 98
4792 85
4793 97
4794 64
4795 87
4796 102
4797 99
4798 94
4799 94
4800 98
4801 97
4802 104
4803 96
4804 95
4805 93
4806 82
4807 122
4808 91
4809 104
4810 106
4811 89
4812 99
4813 118
4814 98
4815 93
4816 100
4817 97
4818 96
4819 100
4820 89
4821 102
4822 98
4823 103
4824 91
4825 85
4826 110
4827 91
4828 88
4829 97
4830 98
4831 84
4832 95
4833 108
4834 106
4835 92
4836 92
4837 94
4838 108
4839 80
4840 79
4841 91
4842 104
4843 101
4844 110
4845 75
4846 97
4847 105
4848 86
4849 85
4850 113
4851 85
4852 91
4853 108
4854 109
4855 115
4856 96
4857 112
4858 103
4859 91
4860 105
4861 104
4862 94
4863 89
4864 88
4865 107
4866 108
4867 102
4868 105
4869 95
4870 91
4871 96
4872 90
4873 109
4874 105
4875 108
4876 87
4877 101
4878 105
4879 94
4880 112
4881 115
4882 96
4883 90
4884 93
4885 88
4886 82
4887 112
4888 94
4889 111
4890 101
4891 97
4892 90
4893 111
4894 106
4895 101
4896 98
4897 92
4898 92
4899 120
4900 125
4901 94
4902 101
4903 102
4904 108
4905 97
4906 107
4907 96
4908 104
4909 106
4910 102
4911 94
4912 107
4913 111
4914 102
4915 106
4916 91
4917 104
4918 106
4919 96
4920 109
4921 113
4922 89
4923 98
4924 101
4925 113
4926 94
4927 96
4928 112
4929 99
4930 85
4931 75
4932 89
4933 121
4934 103
4935 106
4936 109
4937 95
4938 109
4939 90
4940 99
4941 100
4942 105
4943 98
4944 102
4945 105
4946 90
4947 107
4948 117
4949 110
4950 103
4951 91
4952 113
4953 93
4954 86
4955 90
4956 88
4957 109
4958 102
4959 84
4960 111
4961 100
4962 106
4963 91
4964 115
4965 95
4966 111
4967 105
4968 92
4969 105
4970 85
4971 98
4972 105
4973 94
4974 104
4975 109
4976 101
4977 83
4978 101
4979 102
4980 128
4981 78
4982 110
4983 113
4984 101
4985 86
4986 110
4987 82
4988 99
4989 96
4990 89
4991 96
4992 103
4993 103
4994 114
4995 103
4996 93
4997 117
4998 90
4999 101
5000 102
5001 96
5002 98
5003 112
5004 94
5005 100
5006 106
5007 96
5008 96
5009 93
5010 96
5011 111
5012 88
5013 90
5014 95
5015 94
5016 104
5017 109
5018 87
5019 89
5020 97
5021 112
5022 99
5023 92
5024 103
5025 96
5026 87
5027 115
5028 98
5029 95
5030 97
5031 99
5032 93
5033 90
5034 84
5035 96
5036 104
5037 105
5038 100
5039 88
5040 99
5041 94
5042 93
5043 93
5044 87
5045 112
5046 106
5047 91
5048 83
5049 105
5050 93
5051 101
5052 98
5053 99
5054 97
5055 102
5056 114
5057 74
5058 78
5059 100
5060 112
5061 100
5062 98
5063 103
5064 85
5065 100
5066 88
5067 102
5068 82
5069 100
5070 106
5071 95
5072 100
5073 98
5074 108
5075 94
5076 112
5077 114
5078 94
5079 107
5080 89
5081 123
5082 109
5083 84
5084 96
5085 106
5086 116
5087 94
5088 88
5089 95
5090 101
5091 97
5092 96
5093 96
5094 120
5095 105
5096 108
5097 100
5098 98
5099 92
5100 109
5101 110
5102 85
5103 101
5104 102
5105 94
5106 88
5107 119
5108 112
5109 80
5110 98
5111 119
5112 94
5113 83
5114 109
5115 85
5116 109
5117 103
5118 96
5119 97
5120 109
5121 91
5122 102
5123 91
5124 89
5125 91
5126 108
5127 102
5128 95
5129 99
5130 88
5131 105
5132 94
5133 97
5134 98
5135 104
5136 97
5137 101
5138 101
5139 103
5140 98
5141 84
5142 107
5143 107
5144 96
5145 100
5146 90
5147 104
5148 98
5149 98
5150 110
5151 125
5152 116
5153 114
5154 123
5155 105
5156 90
5157 98
5158 115
5159 89
5160 104
5161 89
5162 109
5163 79
5164 104
5165 97
5166 91
5167 92
5168 112
5169 112
5170 118
5171 96
5172 104
5173 108
5174 109
5175 80
5176 106
5177 109
5178 105
5179 111
5180 88
5181 107
5182 95
5183 98
5184 107
5185 100
5186 97
5187 110
5188 105
5189 85
5190 83
5191 91
5192 106
5193 99
5194 108
5195 90
5196 94
5197 99
5198 102
5199 113
5200 99
5201 101
5202 87
5203 94
5204 97
5205 118
5206 112
5207 105
5208 112
5209 101
5210 98
5211 106
5212 99
5213 101
5214 103
5215 111
5216 102
5217 99
5218 112
5219 92
5220 97
5221 111
5222 83
5223 96
5224 98
5225 90
5226 104
5227 94
5228 85
5229 107
5230 91
5231 91
5232 115
5233 92
5234 101
5235 101
5236 103
5237 91
5238 114
5239 89
5240 106
5241 91
5242 84
5243 104
5244 94
5245 102
5246 86
5247 110
5248 95
5249 105
5250 95
5251 118
5252 100
5253 113
5254 89
5255 98
5256 93
5257 111
5258 108
5259 107
5260 93
5261 93
5262 102
5263 108
5264 77
5265 113
5266 121
5267 104
5268 97
5269 85
5270 108
5271 109
5272 96
5273 131
5274 96
5275 100
5276 97
5277 105
5278 108
5279 99
5280 105
5281 95
5282 106
5283 106
5284 98
5285 88
5286 87
5287 99
5288 94
5289 100
5290 103
5291 95
5292 97
5293 113
5294 100
5295 109
5296 107
5297 116
5298 98
5299 102
5300 95
5301 101
5302 89
5303 90
5304 103
5305 92
5306 95
5307 109
5308 90
5309 91
5310 88
5311 88
5312 88
5313 113
5314 92
5315 96
5316 115
5317 92
5318 113
5319 94
5320 87
5321 108
5322 91
5323 105
5324 100
5325 91
5326 107
5327 112
5328 99
5329 101
5330 92
5331 112
5332 126
5333 113
5334 97
5335 112
5336 83
5337 117
5338 101
5339 90
5340 85
5341 105
5342 99
5343 102
5344 87
5345 87
5346 99
5347 99
5348 89
5349 101
5350 109
5351 89
5352 106
5353 114
5354 91
5355 113
5356 90
5357 94
5358 102
5359 99
5360 112
5361 104
5362 101
5363 110
5364 97
5365 86
5366 99
5367 105
5368 105
5369 83
5370 82
5371 98
5372 114
5373 95
5374 88
5375 92
5376 89
5377 98
5378 87
5379 86
5380 116
5381 99
5382 94
5383 96
5384 85
5385 100
5386 106
5387 101
5388 106
5389 98
5390 105
5391 89
5392 99
5393 98
5394 88
5395 104
5396 81
5397 82
5398 101
5399 93
5400 91
5401 92
5402 88
5403 92
5404 86
5405 106
5406 112
5407 88
5408 121
5409 102
5410 80
5411 90
5412 111
5413 111
5414 70
5415 85
5416 99
5417 115
5418 103
5419 98
5420 127
5421 102
5422 96
5423 113
5424 96
5425 96
5426 114
5427 105
5428 97
5429 98
5430 95
5431 95
5432 115
5433 91
5434 110
5435 105
5436 93
5437 105
5438 88
5439 119
5440 104
5441 94
5442 99
5443 105
5444 91
5445 106
5446 97
5447 118
5448 82
5449 105
5450 105
5451 92
5452 130
5453 115
5454 92
5455 107
5456 87
5457 97
5458 102
5459 101
5460 92
5461 111
5462 91
5463 93
5464 74
5465 85
5466 96
5467 80
5468 97
5469 113
5470 117
5471 88
5472 91
5473 90
5474 104
5475 93
5476 95
5477 94
5478 98
5479 101
5480 107
5481 109
5482 103
5483 115
5484 107
5485 127
5486 98
5487 108
5488 98
5489 111
5490 104
5491 105
5492 95
5493 88
5494 95
5495 100
5496 101
5497 80
5498 112
5499 100
5500 101
5501 118
5502 95
5503 113
5504 92
5505 81
5506 103
5507 108
5508 89
5509 92
5510 95
5511 73
5512 117
5513 99
5514 102
5515 103
5516 93
5517 109
5518 108
5519 106
5520 94
5521 87
5522 114
5523 117
5524 99
5525 107
5526 100
5527 88
5528 104
5529 105
5530 101
5531 97
5532 98
5533 111
5534 89
5535 107
5536 106
5537 93
5538 95
5539 99
5540 108
5541 89
5542 95
5543 89
5544 107
5545 97
5546 121
5547 97
5548 91
5549 96
5550 113
5551 91
5552 93
5553 103
5554 96
5555 85
5556 91
5557 99
5558 113
5559 88
5560 94
5561 96
5562 114
5563 113
5564 116
5565 91
5566 117
5567 96
5568 105
5569 95
5570 110
5571 105
5572 71
5573 94
5574 95
5575 108
5576 111
5577 112
5578 120
5579 86
5580 109
5581 107
5582 79
5583 92
5584 93
5585 90
5586 86
5587 90
5588 97
5589 101
5590 94
5591 104
5592 91
5593 108
5594 104
5595 97
5596 90
5597 100
5598 95
5599 98
5600 92
5601 117
5602 101
5603 87
5604 111
5605 96
5606 92
5607 97
5608 104
5609 79
5610 101
5611 111
5612 102
5613 86
5614 98
5615 121
5616 100
5617 88
5618 106
5619 97
5620 92
5621 107
5622 87
5623 95
5624 99
5625 91
5626 85
5627 100
5628 100
5629 105
5630 88
5631 104
5632 99
5633 102
5634 101
5635 112
5636 95
5637 104
5638 86
5639 117
5640 97
5641 97
5642 90
5643 89
5644 112
5645 99
5646 92
5647 98
5648 99
5649 99
5650 92
5651 99
5652 103
5653 97
5654 89
5655 112
5656 97
5657 85
5658 103
5659 94
5660 106
5661 95
5662 109
5663 114
5664 84
5665 99
5666 102
5667 102
5668 83
5669 101
5670 97
5671 120
5672 102
5673 95
5674 93
5675 108
5676 114
5677 100
5678 93
5679 104
5680 89
5681 109
5682 129
5683 86
5684 114
5685 88
5686 113
5687 120
5688 96
5689 108
5690 85
5691 80
5692 87
5693 106
5694 100
5695 91
5696 102
5697 98
5698 113
5699 98
5700 100
5701 104
5702 115
5703 84
5704 94
5705 83
5706 115
5707 118
5708 97
5709 99
5710 108
5711 120
5712 92
5713 105
5714 87
5715 90
5716 117
5717 82
5718 92
5719 91
5720 105
5721 88
5722 87
5723 102
5724 99
5725 102
5726 111
5727 104
5728 112
5729 95
5730 89
5731 100
5732 106
5733 102
5734 92
5735 94
5736 100
5737 111
5738 112
5739 104
5740 92
5741 94
5742 108
5743 95
5744 91
5745 103
5746 103
5747 112
5748 108
5749 101
5750 108
5751 95
5752 103
5753 110
5754 95
5755 97
5756 93
5757 106
5758 82
5759 102
5760 93
5761 82
5762 91
5763 109
5764 89
5765 92
5766 105
5767 104
5768 95
5769 79
5770 104
5771 99
5772 101
5773 105
5774 84
5775 110
5776 101
5777 93
5778 90
5779 117
5780 100
5781 121
5782 110
5783 105
5784 91
5785 116
5786 91
5787 101
5788 109
5789 100
5790 101
5791 114
5792 100
5793 76
5794 106
5795 91
5796 93
5797 102
5798 95
5799 90
5800 104
5801 108
5802 96
5803 110
5804 94
5805 102
5806 104
5807 95
5808 90
5809 95
5810 108
5811 106
5812 113
5813 95
5814 94
5815 103
5816 112
5817 94
5818 114
5819 89
5820 111
5821 107
5822 106
5823 101
5824 91
5825 94
5826 100
5827 103
5828 105
5829 89
5830 93
5831 110
5832 116
5833 97
5834 106
5835 90
5836 98
5837 97
5838 93
5839 104
5840 79
5841 85
5842 105
5843 80
5844 103
5845 108
5846 100
5847 84
5848 86
5849 89
5850 87
5851 98
5852 110
5853 100
5854 108
5855 94
5856 112
5857 89
5858 103
5859 95
5860 96
5861 94
5862 100
5863 106
5864 103
5865 115
5866 100
5867 91
5868 112
5869 108
5870 101
5871 90
5872 93
5873 109
5874 92
5875 94
5876 125
5877 119
5878 106
5879 100
5880 98
5881 77
5882 104
5883 97
5884 91
5885 107
5886 100
5887 105
5888 96
5889 98
5890 96
5891 99
5892 105
5893 100
5894 91
5895 115
5896 100
5897 99
5898 104
5899 112
5900 95
5901 107
5902 95
5903 90
5904 109
5905 88
5906 107
5907 95
5908 96
5909 91
5910 100
5911 97
5912 96
5913 110
5914 89
5915 84
5916 99
5917 105
5918 101
5919 120
5920 104
5921 100
5922 99
5923 106
5924 98
5925 113
5926 98
5927 90
5928 111
5929 100
5930 94
5931 114
5932 111
5933 101
5934 98
5935 94
5936 90
5937 114
5938 98
5939 106
5940 76
5941 96
5942 106
5943 106
5944 112
5945 114
5946 100
5947 125
5948 99
5949 104
5950 84
5951 106
5952 85
5953 83
5954 97
5955 106
5956 93
5957 94
5958 88
5959 92
5960 102
5961 86
5962 91
5963 109
5964 99
5965 94
5966 92
5967 87
5968 83
5969 109
5970 99
5971 109
5972 90
5973 104
5974 98
5975 98
5976 94
5977 109
5978 106
5979 89
5980 85
5981 86
5982 89
5983 94
5984 87
5985 86
5986 102
5987 100
5988 102
5989 109
5990 95
5991 105
5992 87
5993 107
5994 95
5995 104
5996 111
5997 82
5998 96
5999 88
6000 108
6001 94
6002 108
6003 95
6004 104
6005 95
6006 86
6007 98
6008 91
6009 92
6010 105
6011 96
6012 119
6013 96
6014 109
6015 85
6016 99
6017 96
6018 112
6019 101
6020 103
6021 83
6022 97
6023 94
6024 99
6025 96
6026 100
6027 97
6028 90
6029 95
6030 117
6031 104
6032 105
6033 106
6034 117
6035 96
6036 107
6037 91
6038 93
6039 100
6040 117
6041 105
6042 91
6043 77
6044 113
6045 108
6046 85
6047 109
6048 83
6049 101
6050 98
6051 87
6052 103
6053 85
6054 112
6055 107
6056 100
6057 110
6058 111
6059 124
6060 100
6061 94
6062 101
6063 102
6064 95
6065 88
6066 96
6067 98
6068 117
6069 99
6070 98
6071 87
6072 94
6073 108
6074 118
6075 94
6076 104
6077 109
6078 109
6079 85
6080 86
6081 123
6082 96
6083 89
6084 106
6085 113
6086 87
6087 106
6088 100
6089 101
6090 83
6091 95
6092 106
6093 105
6094 107
6095 111
6096 82
6097 93
6098 117
6099 102
6100 97
6101 106
6102 94
6103 94
6104 118
6105 119
6106 98
6107 105
6108 106
6109 107
6110 115
6111 107
6112 113
6113 106
6114 124
6115 88
6116 99
6117 108
6118 96
6119 101
6120 101
6121 94
6122 112
6123 98
6124 105
6125 99
6126 116
6127 102
6128 103
6129 104
6130 88
6131 79
6132 91
6133 102
6134 113
6135 116
6136 88
6137 95
6138 108
6139 109
6140 110
6141 101
6142 98
6143 104
6144 97
6145 88
6146 103
6147 106
6148 98
6149 105
6150 107
6151 94
6152 103
6153 84
6154 102
6155 102
6156 101
6157 89
6158 98
6159 90
6160 94
6161 91
6162 94
6163 105
6164 91
6165 89
6166 101
6167 95
6168 97
6169 105
6170 105
6171 84
6172 89
6173 88
6174 94
6175 111
6176 102
6177 101
6178 110
6179 93
6180 118
6181 119
6182 91
6183 101
6184 125
6185 103
6186 103
6187 111
6188 102
6189 89
6190 106
6191 115
6192 110
6193 87
6194 121
6195 117
6196 99
6197 98
6198 101
6199 99
6200 80
6201 99
6202 92
6203 96
6204 108
6205 90
6206 85
6207 95
6208 100
6209 106
6210 106
6211 112
6212 111
6213 93
6214 99
6215 92
6216 96
6217 105
6218 107
6219 96
6220 113
6221 122
6222 94
6223 97
6224 102
6225 84
6226 110
6227 88
6228 112
6229 96
6230 97
6231 112
6232 107
6233 96
6234 101
6235 102
6236 89
6237 115
6238 121
6239 93
6240 101
6241 90
6242 92
6243 96
6244 78
6245 81
6246 91
6247 107
6248 105
6249 93
6250 106
6251 112
6252 94
6253 118
6254 110
6255 95
6256 108
6257 107
6258 92
6259 87
6260 98
6261 81
6262 107
6263 101
6264 103
6265 93
6266 105
6267 102
6268 100
6269 105
6270 109
6271 94
6272 101
6273 94
6274 102
6275 101
6276 96
6277 78
6278 99
6279 86
6280 98
6281 104
6282 114
6283 106
6284 92
6285 122
6286 107
6287 85
6288 103
6289 102
6290 85
6291 109
6292 83
6293 120
6294 99
6295 112
6296 95
6297 93
6298 110
6299 89
6300 111
6301 93
6302 108
6303 107
6304 86
6305 102
6306 108
6307 106
6308 75
6309 103
6310 94
6311 113
6312 100
6313 105
6314 98
6315 116
6316 90
6317 105
6318 115
6319 104
6320 86
6321 104
6322 93
6323 87
6324 89
6325 105
6326 94
6327 92
6328 104
6329 90
6330 96
6331 119
6332 104
6333 107
6334 106
6335 91
6336 100
6337 100
6338 105
6339 98
6340 99
6341 112
6342 95
6343 104
6344 101
6345 99
6346 106
6347 94
6348 108
6349 93
6350 90
6351 98
6352 94
6353 101
6354 84
6355 98
6356 95
6357 95
6358 111
6359 97
6360 98
6361 90
6362 114
6363 104
6364 113
6365 99
6366 94
6367 96
6368 89
6369 97
6370 109
6371 102
6372 100
6373 110
6374 95
6375 90
6376 92
6377 105
6378 96
6379 114
6380 105
6381 96
6382 81
6383 106
6384 96
6385 92
6386 115
6387 106
6388 95
6389 116
6390 94
6391 99
6392 108
6393 113
6394 103
6395 100
6396 92
6397 95
6398 100
6399 88
6400 104
6401 100
6402 114
6403 108
6404 112
6405 116
6406 115
6407 101
6408 89
6409 104
6410 95
6411 105
6412 97
6413 94
6414 98
6415 115
6416 116
6417 107
6418 80
6419 94
6420 84
6421 88
6422 98
6423 82
6424 112
6425 90
6426 88
6427 93
6428 114
6429 90
6430 91
6431 116
6432 105
6433 104
6434 106
6435 107
6436 85
6437 114
6438 99
6439 91
6440 107
6441 111
6442 97
6443 109
6444 104
6445 102
6446 95
6447 95
6448 118
6449 103
6450 89
6451 109
6452 93
6453 96
6454 92
6455 102
6456 97
6457 93
6458 96
6459 87
6460 118
6461 95
6462 79
6463 111
6464 86
6465 109
6466 98
6467 108
6468 90
6469 109
6470 89
6471 94
6472 108
6473 110
6474 106
6475 107
6476 85
6477 113
6478 94
6479 104
6480 117
6481 105
6482 107
6483 108
6484 95
6485 103
6486 95
6487 105
6488 114
6489 99
6490 110
6491 100
6492 89
6493 100
6494 117
6495 112
6496 96
6497 94
6498 109
6499 113
6500 112
6501 88
6502 91
6503 99
6504 105
6505 103
6506 129
6507 104
6508 91
6509 98
6510 98
6511 85
6512 81
6513 85
6514 107
6515 97
6516 102
6517 111
6518 110
6519 84
6520 100
6521 87
6522 98
6523 99
6524 108
6525 98
6526 88
6527 100
6528 83
6529 102
6530 118
6531 105
6532 83
6533 92
6534 99
6535 114
6536 101
6537 107
6538 119
6539 84
6540 111
6541 107
6542 103
6543 103
6544 88
6545 82
6546 87
6547 91
6548 83
6549 82
6550 104
6551 110
6552 95
6553 97
6554 96
6555 92
6556 125
6557 112
6558 99
6559 90
6560 102
6561 108
6562 98
6563 92
6564 86
6565 112
6566 95
6567 90
6568 102
6569 111
6570 93
6571 105
6572 101
6573 96
6574 96
6575 102
6576 115
6577 104
6578 91
6579 87
6580 88
6581 83
6582 96
6583 119
6584 96
6585 89
6586 114
6587 103
6588 112
6589 121
6590 89
6591 116
6592 107
6593 110
6594 106
6595 104
6596 105
6597 95
6598 105
6599 104
6600 106
6601 97
6602 86
6603 116
6604 114
6605 122
6606 100
6607 108
6608 94
6609 99
6610 105
6611 104
6612 97
6613 105
6614 93
6615 96
6616 88
6617 94
6618 94
6619 91
6620 98
6621 116
6622 111
6623 107
6624 102
6625 87
6626 109
6627 109
6628 120
6629 100
6630 99
6631 96
6632 95
6633 102
6634 86
6635 100
6636 99
6637 124
6638 104
6639 98
6640 100
6641 102
6642 95
6643 100
6644 94
6645 115
6646 103
6647 101
6648 102
6649 118
6650 104
6651 96
6652 96
6653 112
6654 109
6655 101
6656 90
6657 94
6658 95
6659 105
6660 102
6661 101
6662 93
6663 90
6664 84
6665 111
6666 102
6667 102
6668 90
6669 104
6670 97
6671 107
6672 89
6673 84
6674 108
6675 98
6676 111
6677 101
6678 116
6679 113
6680 104
6681 97
6682 101
6683 103
6684 85
6685 101
6686 104
6687 97
6688 117
6689 108
6690 113
6691 83
6692 104
6693 96
6694 105
6695 87
6696 106
6697 89
6698 106
6699 88
6700 100
6701 107
6702 91
6703 101
6704 98
6705 107
6706 81
6707 95
6708 117
6709 117
6710 101
6711 101
6712 116
6713 108
6714 99
6715 113
6716 97
6717 89
6718 94
6719 113
6720 122
6721 89
6722 104
6723 92
6724 98
6725 90
6726 116
6727 99
6728 110
6729 117
6730 91
6731 119
6732 79
6733 101
6734 109
6735 98
6736 99
6737 99
6738 98
6739 94
6740 110
6741 96
6742 105
6743 101
6744 91
6745 100
6746 95
6747 93
6748 85
6749 116
6750 102
6751 102
6752 109
6753 92
6754 94
6755 97
6756 97
6757 110
6758 99
6759 96
6760 98
6761 103
6762 101
6763 92
6764 95
6765 94
6766 79
6767 110
6768 100
6769 81
6770 96
6771 93
6772 101
6773 110
6774 83
6775 96
6776 119
6777 99
6778 87
6779 93
6780 94
6781 97
6782 86
6783 90
6784 120
6785 106
6786 96
6787 120
6788 103
6789 83
6790 86
6791 116
6792 113
6793 104
6794 92
6795 101
6796 99
6797 103
6798 99
6799 93
6800 95
6801 97
6802 99
6803 92
6804 100
6805 119
6806 106
6807 108
6808 82
6809 109
6810 98
6811 79
6812 114
6813 85
6814 87
6815 101
6816 96
6817 101
6818 87
6819 96
6820 98
6821 109
6822 115
6823 114
6824 93
6825 97
6826 93
6827 111
6828 102
6829 99
6830 117
6831 101
6832 104
6833 79
6834 124
6835 105
6836 103
6837 101
6838 124
6839 120
6840 93
6841 98
6842 99
6843 102
6844 98
6845 89
6846 113
6847 108
6848 99
6849 98
6850 126
6851 96
6852 110
6853 97
6854 100
6855 99
6856 106
6857 114
6858 87
6859 90
6860 101
6861 84
6862 98
6863 84
6864 122
6865 96
6866 95
6867 98
6868 110
6869 99
6870 92
6871 80
6872 119
6873 133
6874 106
6875 92
6876 121
6877 105
6878 115
6879 71
6880 95
6881 107
6882 96
6883 110
6884 108
6885 85
6886 88
6887 104
6888 96
6889 109
6890 91
6891 97
6892 98
6893 82
6894 101
6895 113
6896 106
6897 110
6898 106
6899 90
6900 90
6901 107
6902 96
6903 108
6904 106
6905 109
6906 90
6907 101
6908 106
6909 89
6910 96
6911 102
6912 110
6913 101
6914 110
6915 100
6916 105
6917 109
6918 113
6919 113
6920 97
6921 111
6922 113
6923 104
6924 88
6925 99
6926 90
6927 93
6928 89
6929 115
6930 92
6931 101
6932 114
6933 97
6934 96
6935 100
6936 114
6937 103
6938 93
6939 112
6940 114
6941 84
6942 89
6943 86
6944 94
6945 110
6946 93
6947 106
6948 98
6949 97
6950 107
6951 116
6952 99
6953 89
6954 80
6955 92
6956 107
6957 116
6958 78
6959 105
6960 102
6961 86
6962 88
6963 130
6964 102
6965 98
6966 100
6967 116
6968 114
6969 107
6970 109
6971 98
6972 85
6973 91
6974 97
6975 94
6976 114
6977 112
6978 106
6979 113
6980 89
6981 105
6982 81
6983 111
6984 93
6985 107
6986 100
6987 103
6988 106
6989 99
6990 108
6991 96
6992 92
6993 86
6994 96
6995 108
6996 100
6997 90
6998 105
6999 96
7000 105
7001 116
7002 103
7003 88
7004 110
7005 82
7006 89
7007 93
7008 93
7009 100
7010 98
7011 101
7012 87
7013 97
7014 94
7015 93
7016 108
7017 96
7018 101
7019 105
7020 90
7021 93
7022 103
7023 88
7024 91
7025 93
7026 106
7027 81
7028 109
7029 112
7030 91
7031 98
7032 102
7033 82
7034 100
7035 109
7036 113
7037 97
7038 86
7039 103
7040 115
7041 92
7042 98
7043 108
7044 116
7045 90
7046 118
7047 104
7048 108
7049 104
7050 114
7051 101
7052 104
7053 101
7054 102
7055 99
7056 107
7057 108
7058 88
7059 101
7060 104
7061 107
7062 91
7063 93
7064 108
7065 107
7066 100
7067 99
7068 88
7069 101
7070 102
7071 91
7072 103
7073 111
7074 109
7075 113
7076 102
7077 98
7078 93
7079 108
7080 85
7081 96
7082 100
7083 95
7084 119
7085 89
7086 96
7087 96
7088 119
7089 122
7090 113
7091 88
7092 90
7093 121
7094 100
7095 93
7096 102
7097 94
7098 98
7099 99
7100 105
7101 104
7102 129
7103 101
7104 98
7105 99
7106 105
7107 90
7108 107
7109 96
7110 86
7111 84
7112 94
7113 98
7114 94
7115 90
7116 86
7117 101
7118 82
7119 97
7120 107
7121 94
7122 109
7123 105
7124 93
7125 94
7126 102
7127 105
7128 92
7129 92
7130 93
7131 111
7132 114
7133 104
7134 122
7135 104
7136 106
7137 103
7138 105
7139 90
7140 103
7141 94
7142 82
7143 97
7144 87
7145 97
7146 99
7147 116
7148 100
7149 98
7150 117
7151 81
7152 91
7153 95
7154 129
7155 80
7156 95
7157 78
7158 110
7159 83
7160 87
7161 108
7162 93
7163 110
7164 103
7165 118
7166 104
7167 88
7168 106
7169 129
7170 96
7171 109
7172 114
7173 91
7174 116
7175 128
7176 94
7177 100
7178 113
7179 103
7180 100
7181 99
7182 106
7183 80
7184 78
7185 94
7186 127
7187 77
7188 104
7189 102
7190 94
7191 90
7192 91
7193 125
7194 101
7195 104
7196 89
7197 99
7198 112
7199 104
7200 84
7201 99
7202 96
7203 102
7204 101
7205 111
7206 108
7207 114
7208 86
7209 97
7210 91
7211 103
7212 93
7213 97
7214 104
7215 104
7216 115
7217 102
7218 98
7219 96
7220 99
7221 96
7222 111
7223 97
7224 97
7225 118
7226 93
7227 100
7228 83
7229 105
7230 90
7231 114
7232 103
7233 115
7234 110
7235 93
7236 106
7237 122
7238 99
7239 98
7240 100
7241 83
7242 93
7243 108
7244 91
7245 113
7246 90
7247 90
7248 107
7249 85
7250 80
7251 94
7252 98
7253 108
7254 114
7255 112
7256 113
7257 97
7258 100
7259 88
7260 122
7261 105
7262 93
7263 121
7264 102
7265 108
7266 96
7267 101
7268 98
7269 92
7270 103
7271 99
7272 102
7273 107
7274 104
7275 98
7276 96
7277 95
7278 99
7279 96
7280 108
7281 116
7282 106
7283 113
7284 110
7285 118
7286 99
7287 91
7288 103
7289 90
7290 103
7291 122
7292 102
7293 103
7294 96
7295 102
7296 79
7297 102
7298 93
7299 110
7300 124
7301 99
7302 92
7303 108
7304 84
7305 108
7306 90
7307 115
7308 97
7309 106
7310 95
7311 95
7312 75
7313 84
7314 95
7315 90
7316 117
7317 102
7318 104
7319 112
7320 112
7321 96
7322 94
7323 107
7324 93
7325 95
7326 105
7327 91
7328 120
7329 110
7330 101
7331 100
7332 105
7333 107
7334 112
7335 114
7336 111
7337 80
7338 116
7339 107
7340 95
7341 112
7342 118
7343 107
7344 98
7345 98
7346 90
7347 89
7348 83
7349 85
7350 106
7351 97
7352 113
7353 112
7354 92
7355 108
7356 103
7357 118
7358 98
7359 108
7360 102
7361 97
7362 96
7363 102
7364 111
7365 100
7366 104
7367 101
7368 96
7369 97
7370 97
7371 118
7372 89
7373 108
7374 104
7375 85
7376 101
7377 104
7378 106
7379 87
7380 80
7381 105
7382 81
7383 95
7384 95
7385 118
7386 84
7387 98
7388 101
7389 105
7390 105
7391 93
7392 99
7393 100
7394 103
7395 94
7396 88
7397 97
7398 96
7399 82
7400 109
7401 90
7402 78
7403 106
7404 100
7405 110
7406 103
7407 95
7408 96
7409 90
7410 99
7411 86
7412 88
7413 89
7414 104
7415 106
7416 95
7417 97
7418 97
7419 105
7420 105
7421 100
7422 99
7423 80
7424 100
7425 114
7426 101
7427 99
7428 84
7429 104
7430 90
7431 97
7432 99
7433 99
7434 88
7435 101
7436 96
7437 95
7438 105
7439 104
7440 84
7441 117
7442 126
7443 100
7444 99
7445 87
7446 111
7447 87
7448 95
7449 111
7450 114
7451 99
7452 117
7453 95
7454 92
7455 105
7456 110
7457 97
7458 117
7459 95
7460 101
7461 119
7462 116
7463 85
7464 89
7465 101
7466 92
7467 115
7468 106
7469 109
7470 96
7471 101
7472 87
7473 83
7474 89
7475 94
7476 93
7477 111
7478 94
7479 111
7480 86
7481 99
7482 94
7483 96
7484 91
7485 116
7486 99
7487 91
7488 96
7489 101
7490 88
7491 107
7492 97
7493 93
7494 90
7495 110
7496 101
7497 103
7498 99
7499 97
7500 98
7501 103
7502 105
7503 98
7504 76
7505 88
7506 99
7507 103
7508 89
7509 88
7510 108
7511 108
7512 111
7513 81
7514 103
7515 81
7516 112
7517 100
7518 91
7519 121
7520 115
7521 88
7522 100
7523 99
7524 92
7525 110
7526 74
7527 114
7528 80
7529 84
7530 88
7531 92
7532 84
7533 79
7534 103
7535 121
7536 94
7537 93
7538 99
7539 79
7540 108
7541 107
7542 92
7543 104
7544 116
7545 77
7546 89
7547 98
7548 88
7549 112
7550 94
7551 98
7552 101
7553 108
7554 102
7555 83
7556 116
7557 94
7558 93
7559 95
7560 123
7561 81
7562 99
7563 99
7564 96
7565 98
7566 116
7567 75
7568 92
7569 99
7570 82
7571 105
7572 95
7573 109
7574 119
7575 107
7576 115
7577 108
7578 93
7579 103
7580 109
7581 104
7582 112
7583 104
7584 109
7585 95
7586 79
7587 115
7588 103
7589 121
7590 107
7591 108
7592 122
7593 93
7594 106
7595 111
7596 99
7597 117
7598 99
7599 97
7600 89
7601 110
7602 82
7603 104
7604 97
7605 109
7606 89
7607 105
7608 112
7609 83
7610 84
7611 101
7612 115
7613 94
7614 98
7615 97
7616 102
7617 102
7618 82
7619 99
7620 112
7621 122
7622 109
7623 95
7624 112
7625 109
7626 114
7627 110
7628 91
7629 98
7630 97
7631 100
7632 103
7633 101
7634 110
7635 105
7636 98
7637 123
7638 109
7639 102
7640 92
7641 112
7642 76
7643 115
7644 104
7645 86
7646 90
7647 104
7648 105
7649 104
7650 105
7651 103
7652 97
7653 100
7654 94
7655 99
7656 90
7657 113
7658 87
7659 106
7660 128
7661 100
7662 98
7663 91
7664 104
7665 91
7666 86
7667 94
7668 83
7669 115
7670 115
7671 93
7672 97
7673 110
7674 97
7675 110
7676 91
7677 109
7678 101
7679 106
7680 99
7681 95
7682 102
7683 98
7684 96
7685 84
7686 85
7687 101
7688 100
7689 107
7690 108
7691 106
7692 98
7693 97
7694 79
7695 96
7696 112
7697 98
7698 115
7699 106
7700 106
7701 78
7702 129
7703 75
7704 104
7705 106
7706 108
7707 105
7708 88
7709 114
7710 105
7711 82
7712 92
7713 103
7714 86
7715 91
7716 104
7717 101
7718 101
7719 105
7720 130
7721 93
7722 100
7723 94
7724 100
7725 94
7726 105
7727 107
7728 102
7729 97
7730 103
7731 81
7732 100
7733 101
7734 98
7735 71
7736 94
7737 95
7738 103
7739 109
7740 91
7741 91
7742 93
7743 83
7744 104
7745 110
7746 103
7747 106
7748 111
7749 102
7750 93
7751 107
7752 107
7753 90
7754 94
7755 101
7756 101
7757 114
7758 93
7759 111
7760 102
7761 90
7762 110
7763 113
7764 86
7765 81
7766 99
7767 102
7768 97
7769 89
7770 100
7771 81
7772 95
7773 92
7774 95
7775 107
7776 96
7777 95
7778 111
7779 104
7780 105
7781 121
7782 105
7783 99
7784 101
7785 93
7786 98
7787 98
7788 91
7789 96
7790 89
7791 100
7792 85
7793 102
7794 106
7795 96
7796 80
7797 93
7798 94
7799 94
7800 101
7801 91
7802 95
7803 116
7804 81
7805 87
7806 116
7807 81
7808 85
7809 91
7810 105
7811 116
7812 106
7813 108
7814 110
7815 98
7816 104
7817 86
7818 101
7819 98
7820 96
7821 95
7822 100
7823 111
7824 100
7825 91
7826 99
7827 96
7828 92
7829 108
7830 94
7831 97
7832 85
7833 90
7834 82
7835 110
7836 115
7837 103
7838 105
7839 88
7840 94
7841 120
7842 95
7843 111
7844 94
7845 89
7846 116
7847 111
7848 99
7849 84
7850 106
7851 103
7852 105
7853 114
7854 117
7855 82
7856 95
7857 104
7858 94
7859 98
7860 91
7861 93
7862 103
7863 90
7864 86
7865 100
7866 101
7867 90
7868 92
7869 114
7870 96
7871 90
7872 96
7873 108
7874 106
7875 107
7876 95
7877 103
7878 92
7879 92
7880 120
7881 112
7882 85
7883 116
7884 100
7885 75
7886 99
7887 79
7888 110
7889 98
7890 115
7891 97
7892 92
7893 106
7894 88
7895 104
7896 107
7897 106
7898 90
7899 109
7900 98
7901 90
7902 104
7903 121
7904 95
7905 100
7906 90
7907 100
7908 91
7909 89
7910 112
7911 98
7912 111
7913 88
7914 89
7915 108
7916 104
7917 96
7918 93
7919 90
7920 114
7921 106
7922 107
7923 104
7924 102
7925 96
7926 93
7927 82
7928 80
7929 100
7930 108
7931 97
7932 120
7933 91
7934 87
7935 95
7936 100
7937 102
7938 92
7939 91
7940 99
7941 94
7942 109
7943 102
7944 96
7945 110
7946 112
7947 83
7948 110
7949 100
7950 101
7951 114
7952 97
7953 101
7954 83
7955 87
7956 104
7957 111
7958 99
7959 93
7960 94
7961 99
7962 104
7963 96
7964 104
7965 82
7966 112
7967 94
7968 108
7969 98
7970 90
7971 94
7972 121
7973 102
7974 115
7975 96
7976 94
7977 101
7978 108
7979 95
7980 88
7981 97
7982 96
7983 112
7984 109
7985 74
7986 107
7987 86
7988 107
7989 92
7990 84
7991 107
7992 112
7993 100
7994 106
7995 100
7996 84
7997 101
7998 118
7999 125
8000 83
8001 123
8002 85
8003 129
8004 118
8005 104
8006 105
8007 89
8008 110
8009 86
8010 92
8011 108
8012 92
8013 104
8014 100
8015 93
8016 112
8017 95
8018 87
8019 93
8020 115
8021 81
8022 92
8023 96
8024 101
8025 101
8026 106
8027 121
8028 108
8029 84
8030 88
8031 105
8032 93
8033 119
8034 101
8035 112
8036 87
8037 110
8038 83
8039 106
8040 86
8041 114
8042 100
8043 88
8044 104
8045 109
8046 118
8047 109
8048 107
8049 101
8050 96
8051 106
8052 106
8053 109
8054 98
8055 102
8056 99
8057 106
8058 108
8059 95
8060 91
8061 95
8062 102
8063 99
8064 94
8065 110
8066 89
8067 100
8068 89
8069 102
8070 103
8071 77
8072 105
8073 85
8074 95
8075 116
8076 99
8077 119
8078 103
8079 94
8080 103
8081 92
8082 100
8083 89
8084 99
8085 93
8086 88
8087 104
8088 105
8089 98
8090 100
8091 105
8092 114
8093 130
8094 105
8095 97
8096 104
8097 108
8098 109
8099 106
8100 88
8101 109
8102 122
8103 109
8104 94
8105 100
8106 98
8107 127
8108 100
8109 82
8110 109
8111 95
8112 95
8113 91
8114 98
8115 101
8116 90
8117 102
8118 108
8119 119
8120 91
8121 91
8122 98
8123 102
8124 103
8125 107
8126 102
8127 103
8128 117
8129 94
8130 102
8131 111
8132 68
8133 99
8134 114
8135 97
8136 92
8137 111
8138 117
8139 104
8140 106
8141 109
8142 101
8143 103
8144 91
8145 110
8146 99
8147 97
8148 96
8149 104
8150 85
8151 79
8152 114
8153 100
8154 102
8155 99
8156 89
8157 103
8158 128
8159 94
8160 99
8161 114
8162 111
8163 116
8164 108
8165 94
8166 103
8167 104
8168 108
8169 114
8170 81
8171 84
8172 110
8173 109
8174 95
8175 109
8176 111
8177 113
8178 87
8179 85
8180 107
8181 94
8182 110
8183 100
8184 98
8185 93
8186 85
8187 123
8188 94
8189 93
8190 115
8191 92
8192 98
8193 106
8194 103
8195 111
8196 103
8197 108
8198 76
8199 106
8200 102
8201 104
8202 100
8203 104
8204 105
8205 97
8206 105
8207 110
8208 97
8209 86
8210 103
8211 104
8212 114
8213 99
8214 88
8215 91
8216 97
8217 118
8218 113
8219 75
8220 110
8221 94
8222 92
8223 88
8224 113
8225 98
8226 88
8227 86
8228 100
8229 86
8230 108
8231 99
8232 81
8233 91
8234 105
8235 103
8236 111
8237 106
8238 89
8239 103
8240 113
8241 118
8242 111
8243 100
8244 101
8245 99
8246 95
8247 105
8248 102
8249 122
8250 103
8251 94
8252 87
8253 106
8254 99
8255 108
8256 100
8257 94
8258 94
8259 94
8260 78
8261 104
8262 110
8263 111
8264 116
8265 101
8266 104
8267 88
8268 110
8269 97
8270 75
8271 98
8272 102
8273 104
8274 98
8275 97
8276 96
8277 107
8278 111
8279 116
8280 103
8281 104
8282 106
8283 90
8284 95
8285 102
8286 118
8287 107
8288 105
8289 97
8290 100
8291 109
8292 109
8293 111
8294 99
8295 107
8296 86
8297 104
8298 100
8299 96
8300 112
8301 100
8302 96
8303 100
8304 85
8305 93
8306 98
8307 112
8308 91
8309 98
8310 108
8311 92
8312 105
8313 103
8314 93
8315 95
8316 95
8317 99
8318 126
8319 101
8320 98
8321 95
8322 105
8323 122
8324 109
8325 103
8326 104
8327 78
8328 95
8329 86
8330 98
8331 97
8332 105
8333 74
8334 105
8335 112
8336 100
8337 97
8338 97
8339 90
8340 90
8341 103
8342 104
8343 80
8344 101
8345 117
8346 107
8347 81
8348 96
8349 83
8350 96
8351 108
8352 106
8353 91
8354 88
8355 95
8356 97
8357 96
8358 97
8359 116
8360 114
8361 93
8362 95
8363 87
8364 101
8365 104
8366 108
8367 98
8368 96
8369 109
8370 99
8371 108
8372 103
8373 107
8374 121
8375 80
8376 92
8377 98
8378 117
8379 73
8380 92
8381 102
8382 116
8383 95
8384 103
8385 105
8386 98
8387 99
8388 84
8389 102
8390 109
8391 84
8392 93
8393 109
8394 100
8395 101
8396 100
8397 88
8398 91
8399 100
8400 120
8401 125
8402 71
8403 101
8404 100
8405 108
8406 105
8407 104
8408 112
8409 97
8410 92
8411 97
8412 92
8413 120
8414 107
8415 90
8416 92
8417 118
8418 103
8419 114
8420 100
8421 106
8422 87
8423 97
8424 108
8425 116
8426 93
8427 95
8428 93
8429 105
8430 114
8431 99
8432 95
8433 92
8434 109
8435 94
8436 107
8437 105
8438 101
8439 97
8440 113
8441 126
8442 94
8443 112
8444 113
8445 118
8446 132
8447 103
8448 97
8449 107
8450 97
8451 97
8452 102
8453 100
8454 84
8455 104
8456 108
8457 101
8458 99
8459 85
8460 108
8461 102
8462 86
8463 108
8464 87
8465 99
8466 88
8467 100
8468 105
8469 87
8470 75
8471 102
8472 114
8473 88
8474 106
8475 118
8476 97
8477 101
8478 118
8479 96
8480 84
8481 105
8482 96
8483 93
8484 122
8485 97
8486 108
8487 90
8488 91
8489 102
8490 92
8491 95
8492 123
8493 94
8494 92
8495 83
8496 93
8497 101
8498 96
8499 105
8500 97
8501 117
8502 118
8503 114
8504 88
8505 103
8506 87
8507 112
8508 95
8509 106
8510 81
8511 105
8512 115
8513 108
8514 106
8515 101
8516 89
8517 104
8518 110
8519 101
8520 108
8521 88
8522 92
8523 88
8524 91
8525 123
8526 111
8527 98
8528 88
8529 94
8530 99
8531 81
8532 89
8533 110
8534 100
8535 98
8536 103
8537 99
8538 96
8539 101
8540 110
8541 104
8542 123
8543 102
8544 99
8545 115
8546 105
8547 104
8548 120
8549 117
8550 91
8551 86
8552 93
8553 100
8554 104
8555 102
8556 99
8557 98
8558 105
8559 106
8560 109
8561 96
8562 108
8563 107
8564 113
8565 99
8566 111
8567 94
8568 119
8569 108
8570 123
8571 81
8572 102
8573 105
8574 103
8575 107
8576 104
8577 96
8578 92
8579 87
8580 104
8581 113
8582 105
8583 96
8584 108
8585 109
8586 116
8587 107
8588 109
8589 97
8590 111
8591 89
8592 97
8593 102
8594 112
8595 97
8596 99
8597 88
8598 83
8599 101
8600 110
8601 105
8602 88
8603 104
8604 107
8605 93
8606 105
8607 84
8608 98
8609 109
8610 108
8611 91
8612 98
8613 111
8614 100
8615 114
8616 108
8617 94
8618 102
8619 114
8620 96
8621 101
8622 90
8623 105
8624 90
8625 100
8626 100
8627 89
8628 100
8629 100
8630 103
8631 93
8632 96
8633 115
8634 100
8635 93
8636 105
8637 92
8638 96
8639 118
8640 106
8641 93
8642 80
8643 97
8644 103
8645 90
8646 103
8647 88
8648 124
8649 87
8650 96
8651 100
8652 102
8653 105
8654 126
8655 101
8656 86
8657 110
8658 97
8659 105
8660 92
8661 87
8662 111
8663 82
8664 119
8665 100
8666 83
8667 103
8668 111
8669 90
8670 93
8671 84
8672 83
8673 117
8674 86
8675 94
8676 93
8677 85
8678 114
8679 113
8680 100
8681 87
8682 110
8683 106
8684 97
8685 80
8686 85
8687 97
8688 100
8689 93
8690 93
8691 91
8692 88
8693 98
8694 98
8695 93
8696 91
8697 119
8698 90
8699 88
8700 98
8701 103
8702 80
8703 106
8704 93
8705 124
8706 103
8707 93
8708 96
8709 89
8710 96
8711 83
8712 108
8713 88
8714 103
8715 104
8716 112
8717 98
8718 96
8719 87
8720 112
8721 98
8722 64
8723 104
8724 88
8725 94
8726 140
8727 100
8728 108
8729 99
8730 105
8731 97
8732 110
8733 103
8734 102
8735 103
8736 97
8737 123
8738 99
8739 97
8740 78
8741 76
8742 100
8743 107
8744 101
8745 106
8746 82
8747 97
8748 119
8749 96
8750 98
8751 111
8752 122
8753 101
8754 109
8755 117
8756 95
8757 88
8758 105
8759 101
8760 122
8761 114
8762 102
8763 94
8764 105
8765 97
8766 90
8767 107
8768 100
8769 95
8770 99
8771 99
8772 103
8773 99
8774 85
8775 103
8776 103
8777 87
8778 76
8779 108
8780 101
8781 97
8782 101
8783 101
8784 109
8785 95
8786 102
8787 102
8788 105
8789 84
8790 119
8791 98
8792 102
8793 94
8794 99
8795 112
8796 113
8797 94
8798 95
8799 130
8800 104
8801 91
8802 91
8803 95
8804 99
8805 127
8806 100
8807 92
8808 108
8809 90
8810 104
8811 84
8812 110
8813 112
8814 88
8815 111
8816 105
8817 121
8818 112
8819 94
8820 83
8821 87
8822 96
8823 93
8824 120
8825 78
8826 98
8827 119
8828 107
8829 92
8830 127
8831 94
8832 85
8833 101
8834 87
8835 116
8836 87
8837 96
8838 87
8839 97
8840 90
8841 109
8842 86
8843 103
8844 88
8845 91
8846 98
8847 88
8848 111
8849 114
8850 96
8851 108
8852 91
8853 97
8854 97
8855 97
8856 104
8857 90
8858 103
8859 95
8860 103
8861 111
8862 86
8863 108
8864 96
8865 82
8866 105
8867 108
8868 98
8869 96
8870 109
8871 114
8872 98
8873 98
8874 101
8875 99
8876 97
8877 105
8878 96
8879 108
8880 125
8881 86
8882 105
8883 83
8884 109
8885 98
8886 101
8887 110
8888 108
8889 91
8890 103
8891 102
8892 98
8893 109
8894 100
8895 110
8896 90
8897 100
8898 95
8899 92
8900 98
8901 96
8902 90
8903 127
8904 89
8905 87
8906 94
8907 94
8908 98
8909 120
8910 98
8911 108
8912 101
8913 85
8914 100
8915 96
8916 76
8917 94
8918 115
8919 117
8920 109
8921 108
8922 91
8923 108
8924 97
8925 115
8926 94
8927 88
8928 103
8929 113
8930 106
8931 90
8932 107
8933 88
8934 96
8935 106
8936 109
8937 90
8938 100
8939 106
8940 104
8941 92
8942 115
8943 103
8944 99
8945 79
8946 99
8947 99
8948 83
8949 94
8950 90
8951 101
8952 109
8953 95
8954 97
8955 103
8956 104
8957 83
8958 105
8959 106
8960 104
8961 89
8962 86
8963 95
8964 106
8965 79
8966 109
8967 127
8968 100
8969 93
8970 92
8971 101
8972 98
8973 92
8974 97
8975 85
8976 98
8977 91
8978 120
8979 102
8980 79
8981 115
8982 104
8983 107
8984 106
8985 85
8986 102
8987 103
8988 98
8989 116
8990 101
8991 96
8992 100
8993 98
8994 107
8995 93
8996 110
8997 109
8998 97
8999 73
9000 105
9001 109
9002 115
9003 86
9004 110
9005 122
9006 116
9007 119
9008 106
9009 107
9010 104
9011 93
9012 126
9013 100
9014 115
9015 88
9016 90
9017 120
9018 103
9019 97
9020 104
9021 95
9022 106
9023 100
9024 84
9025 94
9026 126
9027 99
9028 99
9029 83
9030 106
9031 92
9032 106
9033 94
9034 96
9035 82
9036 106
9037 98
9038 102
9039 106
9040 125
9041 106
9042 102
9043 95
9044 98
9045 118
9046 107
9047 97
9048 93
9049 105
9050 99
9051 99
9052 102
9053 108
9054 97
9055 84
9056 88
9057 90
9058 108
9059 96
9060 103
9061 110
9062 88
9063 101
9064 121
9065 121
9066 99
9067 81
9068 95
9069 88
9070 84
9071 93
9072 110
9073 98
9074 83
9075 87
9076 97
9077 98
9078 104
9079 109
9080 90
9081 100
9082 111
9083 105
9084 116
9085 100
9086 74
9087 99
9088 109
9089 100
9090 95
9091 119
9092 107
9093 116
9094 92
9095 82
9096 106
9097 100
9098 115
9099 106
9100 88
9101 93
9102 104
9103 96
9104 97
9105 111
9106 96
9107 109
9108 110
9109 107
9110 108
9111 102
9112 95
9113 108
9114 101
9115 110
9116 103
9117 92
9118 98
9119 102
9120 100
9121 96
9122 98
9123 117
9124 106
9125 92
9126 91
9127 103
9128 92
9129 93
9130 101
9131 92
9132 94
9133 97
9134 107
9135 97
9136 103
9137 91
9138 86
9139 98
9140 109
9141 103
9142 98
9143 94
9144 100
9145 92
9146 92
9147 104
9148 97
9149 86
9150 87
9151 103
9152 97
9153 86
9154 101
9155 97
9156 99
9157 89
9158 93
9159 101
9160 93
9161 89
9162 98
9163 108
9164 95
9165 103
9166 100
9167 106
9168 97
9169 110
9170 102
9171 99
9172 91
9173 106
9174 104
9175 95
9176 103
9177 103
9178 97
9179 97
9180 101
9181 105
9182 101
9183 106
9184 87
9185 91
9186 106
9187 92
9188 108
9189 107
9190 91
9191 104
9192 95
9193 105
9194 102
9195 106
9196 103
9197 96
9198 118
9199 101
9200 93
9201 93
9202 120
9203 95
9204 93
9205 102
9206 103
9207 115
9208 92
9209 99
9210 98
9211 115
9212 82
9213 98
9214 108
9215 109
9216 82
9217 83
9218 101
9219 107
9220 92
9221 88
9222 101
9223 84
9224 88
9225 96
9226 101
9227 88
9228 96
9229 110
9230 111
9231 94
9232 117
9233 117
9234 102
9235 95
9236 115
9237 95
9238 101
9239 112
9240 98
9241 110
9242 92
9243 90
9244 99
9245 103
9246 74
9247 114
9248 89
9249 90
9250 104
9251 94
9252 99
9253 107
9254 96
9255 91
9256 86
9257 108
9258 95
9259 96
9260 117
9261 112
9262 101
9263 89
9264 91
9265 120
9266 110
9267 98
9268 97
9269 101
9270 77
9271 95
9272 107
9273 97
9274 101
9275 101
9276 98
9277 122
9278 104
9279 96
9280 101
9281 87
9282 92
9283 101
9284 89
9285 103
9286 97
9287 99
9288 110
9289 97
9290 117
9291 115
9292 105
9293 97
9294 86
9295 104
9296 99
9297 99
9298 101
9299 121
9300 76
9301 105
9302 103
9303 90
9304 93
9305 95
9306 105
9307 78
9308 103
9309 102
9310 90
9311 125
9312 108
9313 100
9314 102
9315 88
9316 94
9317 117
9318 91
9319 103
9320 98
9321 97
9322 110
9323 91
9324 96
9325 98
9326 103
9327 105
9328 115
9329 89
9330 106
9331 94
9332 104
9333 96
9334 101
9335 99
9336 101
9337 101
9338 95
9339 94
9340 86
9341 101
9342 105
9343 100
9344 102
9345 109
9346 112
9347 104
9348 108
9349 76
9350 106
9351 92
9352 88
9353 99
9354 111
9355 83
9356 114
9357 93
9358 109
9359 96
9360 87
9361 95
9362 101
9363 106
9364 73
9365 104
9366 103
9367 92
9368 108
9369 102
9370 94
9371 110
9372 103
9373 106
9374 86
9375 107
9376 102
9377 98
9378 103
9379 103
9380 102
9381 98
9382 97
9383 98
9384 95
9385 103
9386 111
9387 91
9388 105
9389 92
9390 101
9391 99
9392 96
9393 95
9394 93
9395 84
9396 90
9397 98
9398 113
9399 99
9400 104
9401 104
9402 98
9403 114
9404 108
9405 108
9406 123
9407 96
9408 98
9409 115
9410 104
9411 88
9412 93
9413 105
9414 103
9415 92
9416 111
9417 112
9418 89
9419 106
9420 81
9421 100
9422 119
9423 108
9424 103
9425 99
9426 113
9427 110
9428 113
9429 103
9430 101
9431 90
9432 104
9433 99
9434 103
9435 96
9436 91
9437 112
9438 75
9439 99
9440 108
9441 102
9442 117
9443 107
9444 106
9445 93
9446 95
9447 112
9448 93
9449 102
9450 99
9451 99
9452 89
9453 88
9454 101
9455 110
9456 110
9457 108
9458 117
9459 95
9460 122
9461 89
9462 97
9463 112
9464 90
9465 93
9466 105
9467 110
9468 99
9469 91
9470 101
9471 106
9472 100
9473 115
9474 106
9475 110
9476 104
9477 99
9478 93
9479 112
9480 94
9481 85
9482 97
9483 87
9484 82
9485 99
9486 88
9487 110
9488 88
9489 90
9490 113
9491 101
9492 117
9493 98
9494 95
9495 114
9496 107
9497 91
9498 84
9499 104
9500 100
9501 97
9502 97
9503 108
9504 97
9505 111
9506 103
9507 102
9508 94
9509 111
9510 109
9511 92
9512 102
9513 106
9514 107
9515 81
9516 100
9517 93
9518 91
9519 103
9520 87
9521 108
9522 105
9523 93
9524 93
9525 90
9526 105
9527 98
9528 91
9529 115
9530 117
9531 99
9532 107
9533 93
9534 92
9535 103
9536 96
9537 84
9538 73
9539 93
9540 110
9541 115
9542 107
9543 114
9544 110
9545 108
9546 99
9547 109
9548 111
9549 90
9550 109
9551 106
9552 102
9553 108
9554 95
9555 86
9556 97
9557 102
9558 93
9559 120
9560 111
9561 94
9562 97
9563 98
9564 84
9565 105
9566 119
9567 95
9568 113
9569 100
9570 108
9571 99
9572 101
9573 104
9574 85
9575 100
9576 105
9577 106
9578 88
9579 93
9580 103
9581 108
9582 116
9583 100
9584 87
9585 102
9586 94
9587 96
9588 102
9589 115
9590 107
9591 104
9592 106
9593 100
9594 86
9595 92
9596 93
9597 106
9598 114
9599 87
9600 102
9601 107
9602 86
9603 107
9604 101
9605 107
9606 94
9607 108
9608 102
9609 95
9610 121
9611 100
9612 98
9613 83
9614 109
9615 114
9616 82
9617 94
9618 87
9619 99
9620 107
9621 101
9622 82
9623 103
9624 110
9625 99
9626 92
9627 106
9628 90
9629 107
9630 106
9631 101
9632 102
9633 113
9634 88
9635 106
9636 92
9637 106
9638 107
9639 95
9640 95
9641 100
9642 94
9643 114
9644 117
9645 102
9646 76
9647 102
9648 104
9649 100
9650 108
9651 98
9652 98
9653 96
9654 114
9655 97
9656 99
9657 99
9658 99
9659 102
9660 89
9661 105
9662 94
9663 93
9664 112
9665 103
9666 91
9667 100
9668 91
9669 103
9670 112
9671 93
9672 99
9673 100
9674 109
9675 92
9676 97
9677 108
9678 100
9679 112
9680 124
9681 93
9682 102
9683 119
9684 101
9685 96
9686 92
9687 98
9688 129
9689 94
9690 87
9691 105
9692 113
9693 92
9694 101
9695 98
9696 112
9697 99
9698 101
9699 115
9700 104
9701 102
9702 77
9703 90
9704 102
9705 94
9706 104
9707 108
9708 100
9709 117
9710 91
9711 102
9712 103
9713 89
9714 113
9715 100
9716 84
9717 112
9718 85
9719 116
9720 99
9721 96
9722 99
9723 103
9724 95
9725 91
9726 107
9727 107
9728 121
9729 92
9730 94
9731 88
9732 110
9733 90
9734 100
9735 115
9736 106
9737 109
9738 109
9739 103
9740 94
9741 97
9742 113
9743 110
9744 83
9745 107
9746 101
9747 87
9748 95
9749 111
9750 103
9751 79
9752 106
9753 99
9754 97
9755 88
9756 113
9757 82
9758 106
9759 116
9760 90
9761 100
9762 107
9763 94
9764 102
9765 96
9766 102
9767 116
9768 98
9769 97
9770 120
9771 98
9772 95
9773 99
9774 102
9775 97
9776 105
9777 77
9778 112
9779 106
9780 95
9781 115
9782 95
9783 84
9784 98
9785 109
9786 95
9787 111
9788 99
9789 81
9790 105
9791 104
9792 91
9793 95
9794 99
9795 96
9796 108
9797 100
9798 88
9799 100
9800 118
9801 102
9802 76
9803 121
9804 108
9805 108
9806 108
9807 103
9808 89
9809 121
9810 107
9811 109
9812 89
9813 122
9814 84
9815 113
9816 102
9817 88
9818 100
9819 94
9820 110
9821 97
9822 89
9823 97
9824 94
9825 100
9826 107
9827 102
9828 115
9829 103
9830 108
9831 95
9832 98
9833 92
9834 99
9835 90
9836 94
9837 107
9838 96
9839 93
9840 96
9841 92
9842 114
9843 108
9844 96
9845 91
9846 108
9847 86
9848 105
9849 85
9850 100
9851 91
9852 86
9853 107
9854 112
9855 107
9856 103
9857 92
9858 99
9859 99
9860 109
9861 101
9862 101
9863 97
9864 87
9865 89
9866 93
9867 110
9868 105
9869 117
9870 94
9871 103
9872 101
9873 103
9874 104
9875 85
9876 95
9877 89
9878 88
9879 96
9880 91
9881 93
9882 103
9883 87
9884 103
9885 110
9886 108
9887 111
9888 114
9889 119
9890 104
9891 112
9892 109
9893 105
9894 113
9895 111
9896 101
9897 95
9898 87
9899 96
9900 101
9901 100
9902 91
9903 110
9904 94
9905 113
9906 109
9907 101
9908 96
9909 101
9910 101
9911 85
9912 97
9913 109
9914 110
9915 86
9916 97
9917 95
9918 100
9919 101
9920 81
9921 98
9922 117
9923 93
9924 97
9925 101
9926 85
9927 106
9928 103
9929 104
9930 117
9931 93
9932 88
9933 96
9934 99
9935 100
9936 110
9937 96
9938 98
9939 96
9940 109
9941 97
9942 89
9943 98
9944 103
9945 115
9946 113
9947 105
9948 89
9949 100
9950 96
9951 99
9952 105
9953 84
9954 103
9955 90
9956 79
9957 102
9958 111
9959 88
9960 91
9961 107
9962 100
9963 100
9964 102
9965 98
9966 124
9967 109
9968 105
9969 100
9970 95
9971 100
9972 109
9973 112
9974 110
9975 96
9976 84
9977 93
9978 100
9979 114
9980 92
9981 87
9982 105
9983 101
9984 122
9985 84
9986 109
9987 104
9988 95
9989 87
9990 87
9991 110
9992 92
9993 96
9994 98
9995 98
9996 103
9997 110
9998 107
9999 95
