0 2
1 1
2 4
3 1
4 1
5 2
6 1
7 2
8 1
10 3
12 2
13 2
15 2
17 1
19 1
20 2
21 2
22 2
23 1
25 2
26 2
27 3
28 1
29 2
30 4
31 3
32 1
33 3
34 1
35 2
37 2
38 2
39 2
40 3
41 2
43 4
44 3
45 2
46 5
47 1
48 4
49 3
50 1
51 3
52 1
55 2
56 1
57 1
58 3
59 1
60 2
61 2
62 2
63 1
64 1
65 3
66 1
67 2
68 2
69 3
70 1
72 1
73 5
74 2
75 3
77 2
78 2
79 3
80 3
81 5
84 2
85 4
86 1
88 1
89 1
90 1
91 3
92 1
93 1
96 3
97 2
98 1
99 2
100 1
101 1
102 2
103 1
104 2
105 2
107 2
108 2
109 4
110 2
111 2
112 2
113 2
114 2
115 3
116 1
117 4
118 3
119 1
121 2
122 2
123 2
124 2
125 1
126 2
129 1
130 5
131 4
132 3
135 3
136 5
137 2
138 3
139 1
140 2
142 1
144 3
145 2
146 2
147 3
148 3
149 4
150 1
152 1
153 3
154 3
156 1
157 1
158 3
159 2
160 6
161 4
163 2
164 1
165 1
167 4
168 2
169 3
170 1
171 2
172 1
175 1
176 3
177 2
178 1
179 2
180 2
181 4
182 2
183 3
184 5
185 1
187 3
188 1
189 5
190 1
191 3
192 6
193 1
194 2
197 1
198 3
199 6
201 2
202 1
203 2
205 1
207 1
208 1
209 2
210 2
211 2
212 1
213 4
214 1
215 2
216 1
217 6
218 2
219 2
220 1
221 3
222 1
223 2
224 3
225 4
226 4
227 3
228 4
229 3
231 2
232 1
233 6
234 3
235 6
236 2
238 2
239 2
240 2
241 5
244 1
245 2
247 4
248 3
249 1
250 2
251 5
252 2
254 2
255 4
257 2
258 3
259 5
260 1
262 1
263 1
264 1
265 2
266 3
267 1
268 3
269 2
270 2
272 1
273 3
274 2
276 2
277 1
278 1
279 3
280 3
281 3
282 1
283 2
284 3
285 3
287 1
288 1
289 2
290 5
291 4
292 2
293 3
295 4
296 2
298 1
299 1
300 3
301 2
302 2
303 2
305 3
306 2
307 5
310 2
311 2
312 1
313 2
314 3
315 1
316 4
317 1
318 6
319 3
321 1
322 1
323 1
324 3
325 1
326 1
329 6
330 2
332 1
333 2
334 1
335 3
336 2
337 1
338 3
339 1
340 3
341 1
342 2
343 2
344 3
345 1
346 2
348 3
349 4
350 1
351 2
352 4
353 1
354 2
355 4
356 2
359 3
360 1
361 1
363 1
364 1
365 2
366 1
367 3
368 2
369 2
370 1
371 3
372 2
373 1
375 2
376 1
378 2
380 1
381 2
382 1
383 2
384 4
385 3
386 5
387 4
388 2
389 2
390 1
391 2
392 3
393 1
394 2
395 1
396 2
397 2
398 3
399 2
400 1
401 2
402 2
403 5
404 3
405 2
407 2
409 3
410 5
411 1
412 4
413 3
414 3
415 4
416 1
418 3
421 2
423 2
424 4
425 3
426 4
428 4
429 1
430 2
432 4
433 1
434 3
437 3
438 1
439 1
441 1
442 4
443 1
444 1
445 3
447 3
448 4
449 1
450 1
451 2
452 1
453 4
454 1
455 1
456 3
457 3
459 3
460 2
463 3
464 4
465 1
466 2
469 1
470 2
471 2
472 2
474 6
475 1
476 3
477 1
478 4
481 1
482 1
483 4
484 1
485 1
486 4
487 4
489 3
490 2
491 2
492 3
493 3
494 2
495 2
496 1
497 1
498 3
500 1
501 1
502 3
503 1
504 5
505 1
507 3
508 1
509 2
510 3
511 1
512 2
513 2
514 2
515 4
516 2
517 4
518 1
519 1
520 4
521 1
522 2
523 1
524 1
525 4
526 2
527 4
528 2
529 1
530 3
531 3
532 1
533 2
534 1
535 6
536 2
537 2
538 1
539 1
540 2
541 2
542 2
543 3
545 1
546 3
547 2
548 3
549 3
550 4
551 3
552 4
553 3
554 2
555 2
556 3
558 3
559 1
560 3
561 2
562 1
563 5
565 1
566 3
567 3
568 1
569 5
570 1
571 1
572 2
573 1
574 1
575 1
576 2
578 2
581 1
583 2
584 4
586 3
587 1
588 3
589 1
590 4
592 1
593 1
594 1
595 3
596 4
597 1
598 2
599 1
601 3
602 1
603 4
604 2
605 3
606 2
607 1
608 3
609 2
610 2
611 2
612 3
613 1
614 1
616 2
617 2
618 2
619 2
620 2
621 2
622 2
623 1
625 4
626 5
627 4
628 4
629 2
633 1
634 1
635 1
636 4
637 2
638 1
639 1
640 4
641 1
642 2
643 1
644 4
645 1
646 3
647 3
648 1
650 2
651 3
652 1
653 1
654 4
655 2
656 1
657 2
659 1
660 2
661 1
662 3
663 1
665 4
666 2
667 1
668 1
670 3
671 1
672 1
673 2
674 2
675 2
676 3
678 1
679 2
680 3
681 1
683 1
684 4
685 2
686 2
687 2
688 1
689 2
690 2
691 3
692 2
694 1
695 2
696 3
697 2
699 2
700 3
701 2
703 1
704 3
705 1
706 2
707 4
708 2
709 2
710 2
711 2
713 3
715 3
716 2
718 1
719 1
721 1
722 2
724 1
726 1
727 1
729 4
731 1
733 3
734 4
737 2
738 2
739 1
740 1
741 3
742 2
743 2
744 1
745 2
746 2
747 4
748 4
749 2
750 1
751 2
752 3
754 1
756 2
757 1
759 2
760 2
761 2
762 2
763 1
764 2
765 5
766 1
767 2
768 5
769 1
772 3
773 2
774 2
775 3
776 2
777 2
778 3
779 1
780 1
781 3
782 6
783 1
784 1
786 1
790 4
791 3
792 2
793 2
794 1
795 3
796 2
797 4
798 2
800 1
801 3
802 6
803 3
804 2
805 1
806 2
807 1
808 1
809 2
811 2
812 2
813 2
815 1
816 1
817 1
818 1
819 4
820 1
821 2
822 2
823 2
824 5
825 1
826 4
828 3
829 5
830 4
831 1
833 1
834 1
835 3
836 4
837 2
838 1
839 2
840 3
841 3
842 3
843 3
844 1
845 1
846 1
847 4
848 2
849 2
850 1
851 1
852 4
853 2
854 1
855 1
856 2
857 1
858 1
859 2
861 2
862 2
863 1
864 4
865 1
866 2
867 2
868 3
869 2
870 3
872 1
874 2
875 2
877 4
878 4
879 1
881 1
882 2
884 2
885 5
886 1
888 3
889 2
890 1
892 1
893 2
894 3
895 2
896 2
897 3
898 5
901 2
902 2
903 3
904 1
906 2
907 3
908 1
909 1
910 1
912 1
913 2
914 1
915 2
917 2
918 2
920 2
921 3
922 2
923 3
924 1
925 2
926 2
927 1
928 4
929 4
930 3
931 2
932 1
933 1
934 2
935 1
936 1
937 1
938 1
939 3
940 2
941 2
944 3
945 1
946 4
947 1
948 3
950 3
951 2
952 5
954 3
955 2
956 3
957 3
958 1
959 2
960 1
961 3
962 1
963 2
965 1
966 3
967 2
968 1
972 3
974 3
976 2
978 2
979 4
980 1
981 3
982 2
983 1
984 1
985 1
987 3
988 2
989 2
990 5
991 1
993 2
994 3
995 1
997 1
998 2
999 4
1000 2
1001 2
1002 1
1003 1
1005 3
1006 2
1007 3
1008 2
1009 3
1011 5
1012 3
1013 2
1014 2
1015 2
1016 2
1018 3
1019 2
1020 3
1022 1
1023 1
1024 1
1025 4
1026 1
1027 4
1028 3
1029 2
1030 4
1031 2
1032 3
1033 1
1035 3
1036 2
1037 1
1038 1
1039 1
1041 1
1043 1
1044 2
1045 4
1046 2
1047 2
1048 2
1049 3
1050 2
1051 1
1052 1
1054 3
1055 1
1056 1
1057 2
1058 2
1059 1
1061 1
1062 4
1063 3
1064 1
1065 2
1066 1
1067 3
1068 2
1069 3
1073 1
1074 4
1075 7
1077 1
1078 3
1079 1
1081 1
1082 1
1083 1
1084 2
1085 3
1086 5
1087 2
1088 1
1089 3
1093 1
1094 2
1095 2
1096 3
1097 3
1098 3
1099 1
1100 1
1101 1
1102 3
1103 2
1104 2
1105 5
1106 1
1107 3
1108 1
1109 3
1110 1
1111 4
1112 4
1114 2
1115 6
1117 3
1118 1
1119 2
1120 3
1121 1
1123 1
1124 1
1125 1
1126 2
1128 3
1130 4
1131 2
1132 5
1133 1
1134 1
1136 1
1137 4
1138 4
1139 1
1140 6
1141 4
1142 3
1143 2
1144 3
1145 2
1146 1
1147 1
1148 1
1149 2
1151 3
1152 2
1153 1
1154 2
1155 3
1156 3
1157 2
1158 1
1159 2
1160 3
1162 3
1164 2
1165 2
1166 1
1167 3
1168 2
1169 2
1170 3
1171 1
1172 1
1173 3
1174 2
1176 2
1177 4
1178 2
1179 3
1180 2
1181 2
1182 4
1183 1
1184 1
1185 2
1186 4
1187 3
1188 1
1189 1
1190 3
1191 3
1192 2
1194 1
1195 2
1196 3
1197 2
1199 1
1200 3
1201 2
1202 2
1203 2
1204 2
1206 1
1207 4
1208 4
1209 2
1211 1
1212 1
1213 2
1214 1
1215 2
1216 2
1217 3
1219 1
1220 4
1222 4
1225 1
1226 4
1227 2
1228 1
1230 2
1232 1
1235 2
1236 1
1237 2
1240 2
1241 3
1242 2
1243 2
1245 4
1246 1
1247 1
1248 1
1249 3
1250 3
1251 3
1252 1
1253 1
1254 1
1255 1
1256 2
1259 6
1260 2
1261 1
1262 1
1263 4
1264 4
1265 1
1267 6
1268 2
1269 2
1270 2
1271 1
1272 2
1273 1
1274 1
1276 1
1277 3
1278 2
1279 4
1280 5
1281 3
1282 2
1283 1
1284 4
1285 1
1286 1
1287 1
1288 2
1289 1
1290 3
1291 2
1292 1
1293 2
1294 1
1295 2
1298 1
1299 2
1300 2
1301 4
1302 1
1303 2
1304 3
1305 1
1306 2
1307 1
1308 1
1310 3
1312 1
1313 1
1314 3
1315 1
1317 3
1318 1
1319 4
1320 1
1322 1
1324 1
1326 3
1327 2
1328 2
1329 3
1330 3
1332 3
1333 2
1334 4
1335 2
1336 4
1337 4
1338 2
1340 2
1341 2
1343 2
1344 2
1345 2
1346 2
1347 5
1348 4
1350 3
1351 1
1352 3
1353 3
1354 3
1355 1
1356 2
1357 2
1358 2
1359 4
1361 1
1362 2
1363 2
1365 2
1366 1
1367 4
1368 2
1369 2
1370 7
1371 2
1372 2
1373 1
1374 2
1375 1
1376 4
1377 1
1378 1
1379 2
1380 3
1381 2
1382 2
1383 2
1385 1
1386 2
1387 2
1388 1
1389 1
1390 1
1391 2
1392 2
1393 1
1394 3
1395 4
1396 3
1398 2
1400 1
1401 2
1402 4
1403 2
1404 1
1405 4
1406 5
1407 1
1408 1
1409 3
1410 1
1411 3
1413 5
1416 5
1418 1
1419 3
1420 1
1421 1
1422 2
1423 4
1424 4
1425 4
1426 1
1427 3
1428 3
1429 4
1431 4
1432 2
1433 4
1434 4
1435 4
1436 2
1438 3
1439 1
1440 2
1442 1
1443 4
1444 1
1445 1
1446 4
1447 1
1448 1
1449 1
1450 5
1451 1
1452 2
1453 2
1455 1
1456 3
1458 1
1459 2
1460 3
1461 3
1462 3
1464 3
1465 3
1466 2
1467 1
1468 5
1469 2
1470 1
1471 3
1473 1
1474 3
1475 2
1476 4
1477 4
1478 1
1480 2
1481 3
1482 1
1483 2
1484 4
1486 1
1487 1
1488 1
1489 2
1490 2
1491 4
1492 2
1493 2
1494 3
1495 2
1497 1
1498 2
1500 1
1501 1
1503 2
1504 3
1505 1
1506 2
1507 3
1508 3
1510 3
1511 1
1512 2
1513 3
1514 2
1515 1
1516 3
1517 2
1519 1
1520 1
1521 1
1522 2
1524 2
1525 1
1526 1
1528 2
1529 1
1530 3
1531 1
1532 2
1533 1
1534 4
1535 1
1536 3
1537 3
1538 1
1539 2
1540 3
1542 5
1543 1
1544 1
1545 2
1546 4
1547 4
1548 1
1549 1
1550 6
1551 2
1552 2
1553 2
1554 3
1555 6
1556 2
1557 3
1558 1
1559 1
1560 4
1561 3
1562 3
1563 2
1564 2
1565 4
1566 2
1567 2
1568 1
1569 2
1570 2
1571 2
1572 3
1573 5
1574 2
1575 2
1576 4
1577 1
1578 5
1579 1
1580 2
1582 2
1584 1
1585 2
1586 1
1587 1
1588 3
1589 2
1590 2
1592 1
1593 3
1594 2
1595 2
1596 1
1597 2
1598 2
1599 2
1600 4
1601 1
1602 3
1603 3
1604 5
1605 1
1607 2
1609 1
1610 2
1611 2
1612 2
1613 1
1614 4
1616 3
1617 2
1618 1
1619 2
1622 3
1623 2
1624 2
1625 1
1626 1
1627 1
1628 1
1630 2
1631 1
1632 2
1634 2
1635 1
1636 5
1638 3
1639 2
1642 4
1643 1
1644 6
1645 2
1646 5
1647 3
1648 1
1650 1
1651 4
1653 1
1655 2
1656 3
1657 2
1659 1
1660 1
1661 2
1663 8
1665 2
1666 6
1667 1
1668 1
1669 1
1671 2
1672 3
1673 2
1674 2
1675 3
1676 2
1677 2
1678 4
1679 2
1680 4
1681 1
1682 1
1683 1
1685 1
1686 1
1687 1
1688 4
1690 2
1691 2
1694 2
1695 1
1697 2
1698 3
1699 2
1700 2
1701 2
1704 1
1705 2
1706 1
1707 1
1708 2
1709 3
1711 2
1712 1
1713 3
1714 4
1715 1
1716 4
1717 5
1718 1
1719 2
1720 1
1721 4
1723 1
1724 3
1725 2
1726 1
1727 3
1728 4
1729 2
1730 2
1731 2
1732 4
1733 2
1734 2
1735 2
1736 3
1737 1
1738 3
1740 1
1741 1
1743 3
1744 1
1746 1
1747 2
1749 6
1750 3
1751 3
1752 2
1753 1
1754 1
1755 2
1756 1
1757 2
1758 3
1759 3
1760 3
1761 2
1764 1
1765 3
1767 3
1768 3
1769 3
1770 3
1771 2
1772 2
1773 2
1774 2
1775 1
1776 3
1777 3
1778 3
1779 3
1780 1
1782 3
1783 2
1785 1
1786 1
1789 1
1790 1
1791 1
1792 7
1793 3
1795 1
1796 3
1797 2
1798 1
1799 3
1800 1
1801 3
1802 2
1803 3
1804 4
1805 2
1806 3
1807 3
1808 5
1809 3
1810 2
1811 3
1812 2
1813 3
1814 5
1815 1
1816 4
1817 2
1818 2
1819 1
1820 4
1822 1
1824 4
1825 1
1826 1
1827 1
1829 2
1830 2
1831 2
1832 1
1833 1
1834 3
1835 4
1836 1
1838 2
1840 3
1842 4
1843 1
1844 4
1845 2
1846 1
1847 1
1849 1
1850 1
1852 1
1853 5
1854 5
1855 1
1856 2
1857 3
1858 1
1859 2
1860 1
1861 3
1862 1
1863 3
1864 1
1865 2
1866 1
1867 5
1868 2
1869 1
1871 3
1873 2
1874 4
1875 2
1876 2
1877 3
1878 1
1879 2
1880 1
1881 2
1882 2
1883 7
1884 2
1885 2
1886 2
1887 3
1888 5
1889 3
1890 1
1891 2
1892 2
1893 2
1895 3
1898 4
1899 6
1901 1
1902 2
1903 5
1905 2
1906 3
1908 3
1909 1
1910 3
1913 2
1915 4
1916 2
1917 3
1918 2
1919 1
1920 2
1921 2
1922 2
1924 3
1926 3
1927 2
1929 2
1930 3
1931 1
1932 1
1934 3
1935 2
1936 4
1937 1
1939 4
1940 1
1942 2
1943 4
1944 4
1946 2
1947 1
1948 4
1949 1
1950 1
1952 2
1953 1
1954 3
1955 3
1956 1
1957 4
1958 2
1959 4
1961 2
1962 3
1963 1
1964 1
1965 2
1966 1
1967 1
1968 4
1969 3
1970 2
1971 3
1972 4
1973 4
1974 4
1976 2
1978 3
1980 2
1981 4
1982 1
1984 1
1985 3
1986 3
1987 1
1988 4
1989 2
1991 1
1992 5
1993 2
1994 3
1995 1
1996 2
1997 2
1998 3
1999 1
2000 5
2002 2
2003 1
2004 2
2005 3
2006 1
2007 2
2008 2
2009 1
2010 3
2011 3
2012 1
2013 2
2015 3
2016 1
2017 2
2018 1
2019 4
2021 2
2022 1
2023 1
2024 3
2025 2
2026 2
2027 2
2028 3
2029 2
2031 2
2032 2
2033 1
2034 1
2035 2
2036 2
2037 2
2038 1
2039 1
2040 1
2041 3
2042 1
2043 3
2044 2
2045 2
2046 4
2047 6
2048 1
2049 1
2050 4
2051 2
2052 3
2053 1
2054 1
2055 1
2058 1
2059 3
2060 3
2061 2
2062 4
2063 3
2064 2
2065 1
2066 3
2067 1
2068 1
2071 1
2072 2
2073 4
2075 2
2076 2
2077 4
2078 2
2079 2
2080 1
2081 3
2083 2
2086 5
2087 3
2088 1
2091 3
2092 1
2093 5
2094 1
2095 1
2096 3
2097 2
2098 2
2100 4
2101 2
2102 1
2103 2
2104 2
2105 2
2106 2
2107 5
2108 3
2109 3
2110 3
2111 3
2112 1
2113 1
2115 1
2117 3
2118 1
2120 3
2121 2
2123 1
2124 2
2125 3
2126 2
2127 4
2128 2
2129 3
2131 1
2132 2
2134 1
2135 5
2136 1
2137 1
2139 2
2140 2
2141 3
2142 3
2143 2
2144 1
2145 2
2146 1
2147 2
2149 4
2150 1
2151 1
2154 4
2155 3
2156 3
2157 4
2159 2
2160 2
2161 2
2162 5
2163 2
2164 1
2166 2
2167 1
2168 1
2169 1
2171 3
2172 3
2173 2
2174 3
2175 4
2176 2
2177 1
2178 1
2179 2
2180 1
2181 1
2182 2
2183 1
2185 2
2186 5
2187 1
2188 1
2189 2
2190 2
2191 1
2192 1
2193 3
2194 1
2195 2
2196 2
2197 2
2198 2
2199 4
2200 2
2201 3
2202 1
2203 1
2204 3
2206 1
2207 1
2208 2
2209 2
2210 3
2212 2
2214 2
2215 5
2216 1
2217 1
2218 1
2219 3
2220 1
2221 3
2222 1
2224 1
2225 2
2226 2
2227 3
2228 3
2229 2
2230 1
2231 1
2232 1
2233 3
2235 3
2236 3
2237 3
2239 2
2240 1
2241 5
2242 3
2243 2
2244 3
2245 4
2246 4
2247 4
2248 1
2249 3
2250 1
2251 3
2252 1
2253 1
2254 1
2255 1
2256 1
2257 4
2259 2
2260 2
2261 2
2262 1
2263 2
2264 2
2265 1
2266 3
2267 2
2268 1
2269 3
2271 3
2274 2
2275 1
2276 3
2277 2
2278 3
2279 5
2280 3
2281 3
2284 1
2285 3
2286 1
2287 1
2288 3
2289 1
2290 1
2291 3
2292 1
2293 3
2294 2
2295 1
2297 1
2298 3
2299 3
2300 2
2302 4
2303 1
2304 3
2305 1
2306 2
2307 3
2311 2
2312 3
2313 3
2314 3
2315 4
2317 1
2318 2
2319 2
2320 2
2321 1
2322 4
2323 4
2324 1
2325 1
2326 4
2327 2
2328 2
2329 3
2331 2
2333 1
2336 3
2337 3
2338 1
2339 3
2340 2
2341 2
2342 1
2343 2
2344 3
2345 1
2346 2
2347 2
2348 3
2349 1
2350 3
2351 1
2352 1
2353 2
2354 2
2355 5
2356 2
2357 2
2360 2
2361 1
2362 1
2366 5
2367 4
2368 2
2369 1
2370 2
2371 1
2373 1
2374 1
2375 1
2376 2
2377 2
2378 2
2379 4
2381 1
2383 2
2384 1
2385 2
2386 2
2387 1
2388 2
2389 4
2390 1
2392 1
2393 1
2394 1
2395 3
2396 1
2399 2
2401 5
2402 5
2403 2
2406 1
2407 2
2408 2
2409 3
2410 3
2411 3
2412 3
2413 3
2414 2
2415 6
2416 1
2417 2
2418 4
2419 1
2420 1
2421 2
2422 9
2423 1
2424 2
2426 1
2428 2
2429 3
2430 2
2431 4
2432 1
2433 4
2434 1
2435 4
2437 1
2438 1
2439 3
2440 1
2443 1
2444 3
2445 2
2446 1
2448 1
2450 2
2451 1
2452 4
2453 2
2456 2
2457 1
2458 2
2459 4
2460 3
2461 2
2462 2
2463 4
2464 2
2465 3
2467 1
2469 2
2470 2
2471 2
2472 2
2473 2
2475 1
2476 1
2477 2
2478 1
2479 1
2481 1
2482 4
2483 1
2484 1
2485 2
2486 1
2487 6
2489 2
2490 1
2491 1
2492 2
2493 2
2494 6
2495 2
2496 1
2497 1
2499 1
2500 2
2502 5
2504 4
2507 1
2508 3
2510 1
2511 1
2512 2
2513 1
2514 1
2515 2
2516 1
2517 1
2518 2
2519 5
2520 2
2521 4
2522 1
2523 2
2525 3
2526 2
2527 2
2528 2
2529 1
2530 1
2531 2
2532 2
2533 2
2535 1
2536 1
2537 2
2538 1
2539 1
2541 2
2542 3
2543 1
2544 1
2545 2
2546 2
2548 2
2550 3
2554 3
2556 2
2557 5
2558 4
2559 2
2560 1
2562 2
2563 1
2564 2
2565 6
2566 4
2567 1
2568 2
2569 6
2571 1
2572 1
2573 3
2574 4
2575 1
2576 2
2578 6
2579 4
2580 2
2581 3
2582 3
2583 1
2584 2
2585 1
2586 2
2588 3
2589 1
2590 2
2591 5
2592 3
2593 1
2594 6
2595 1
2596 3
2597 2
2598 1
2599 3
2601 1
2602 5
2604 4
2605 2
2606 1
2607 1
2608 4
2609 2
2610 1
2611 1
2612 1
2613 2
2614 2
2615 4
2616 2
2617 2
2618 5
2619 1
2620 2
2621 4
2622 3
2623 4
2624 1
2628 2
2629 3
2630 1
2631 1
2632 1
2633 3
2635 3
2636 1
2638 1
2639 5
2640 5
2641 2
2642 1
2645 1
2646 3
2647 2
2648 3
2650 4
2652 2
2653 2
2655 4
2657 2
2658 2
2660 1
2661 1
2663 1
2665 2
2666 1
2667 2
2668 5
2669 1
2670 1
2673 6
2674 2
2675 1
2677 2
2678 2
2679 2
2680 1
2681 2
2682 1
2685 3
2687 1
2688 4
2689 4
2690 1
2691 3
2692 3
2693 1
2694 4
2695 1
2696 5
2697 3
2698 2
2699 1
2700 3
2701 1
2702 2
2703 1
2704 3
2705 1
2706 1
2707 2
2708 3
2710 1
2711 3
2712 4
2713 3
2715 1
2716 3
2717 5
2718 2
2719 3
2721 4
2722 1
2724 3
2725 4
2726 2
2728 1
2729 1
2730 1
2731 1
2732 1
2733 6
2735 1
2737 2
2738 1
2740 1
2742 1
2743 1
2744 1
2745 2
2746 1
2747 4
2748 2
2750 1
2751 3
2752 2
2753 1
2754 2
2755 3
2758 1
2759 2
2760 1
2762 1
2763 3
2764 2
2765 2
2766 2
2768 2
2769 1
2770 4
2771 3
2772 1
2774 5
2775 1
2776 2
2778 1
2779 3
2780 4
2781 1
2783 2
2784 3
2785 1
2786 1
2787 1
2788 1
2789 1
2790 1
2791 2
2793 3
2794 1
2795 3
2796 2
2797 6
2798 1
2799 4
2800 5
2801 1
2802 2
2803 1
2804 4
2805 1
2807 2
2808 3
2810 2
2812 4
2813 1
2814 4
2816 2
2817 1
2818 1
2819 2
2820 2
2823 2
2825 2
2826 1
2828 1
2829 2
2830 1
2831 2
2834 3
2835 2
2836 3
2837 1
2838 2
2839 3
2840 2
2841 3
2842 1
2843 2
2844 3
2845 2
2846 6
2847 5
2848 2
2849 2
2851 2
2852 3
2853 4
2854 2
2855 4
2856 1
2857 2
2858 5
2859 5
2860 1
2862 2
2864 1
2865 4
2867 2
2868 2
2869 1
2870 2
2871 1
2872 2
2874 2
2877 2
2878 3
2879 4
2880 3
2881 2
2883 1
2884 3
2885 4
2886 3
2887 1
2888 2
2890 7
2891 1
2892 1
2893 3
2894 5
2895 1
2897 4
2898 2
2899 5
2901 2
2902 2
2903 2
2904 1
2905 2
2906 3
2909 2
2910 2
2911 1
2912 2
2913 3
2914 1
2915 6
2916 3
2917 1
2918 3
2919 1
2920 2
2921 2
2922 1
2923 1
2924 1
2925 1
2926 4
2927 1
2928 2
2929 1
2930 1
2931 2
2932 1
2933 3
2934 1
2935 3
2936 1
2937 3
2938 2
2939 2
2940 1
2941 5
2943 1
2945 2
2947 3
2948 3
2949 1
2950 2
2951 4
2952 3
2953 1
2955 4
2956 3
2957 2
2958 1
2959 3
2960 2
2961 3
2962 2
2963 2
2964 4
2966 2
2967 2
2968 3
2969 1
2970 3
2971 1
2972 4
2973 2
2974 3
2977 1
2978 3
2979 5
2980 3
2982 4
2983 1
2984 3
2985 4
2986 1
2987 1
2989 1
2993 1
2994 2
2995 1
2996 6
2997 1
2998 3
3000 2
3001 4
3002 2
3003 2
3004 3
3005 2
3006 1
3008 3
3009 1
3010 2
3011 2
3012 3
3013 3
3014 3
3015 5
3016 3
3017 2
3018 3
3019 2
3020 3
3021 1
3022 2
3023 2
3025 1
3026 2
3027 1
3029 2
3030 2
3031 2
3032 5
3033 2
3034 2
3035 1
3036 1
3039 2
3040 1
3041 1
3043 2
3044 1
3045 2
3046 2
3047 2
3048 4
3049 1
3051 4
3052 2
3053 2
3054 1
3055 4
3056 1
3057 2
3058 5
3059 1
3061 2
3062 1
3063 2
3064 3
3065 2
3066 1
3068 2
3069 1
3070 1
3071 3
3072 3
3073 1
3074 2
3076 1
3077 1
3078 1
3079 1
3080 2
3081 2
3082 2
3083 2
3085 2
3086 4
3087 3
3088 1
3089 1
3090 1
3091 2
3092 2
3095 1
3096 2
3097 1
3098 2
3101 5
3102 3
3104 5
3105 3
3106 1
3107 1
3108 1
3109 3
3110 4
3111 1
3113 2
3114 2
3115 2
3116 5
3117 3
3119 3
3120 1
3121 1
3122 1
3123 1
3124 1
3127 1
3128 3
3131 1
3132 1
3133 2
3134 2
3135 1
3136 1
3137 2
3138 3
3139 2
3140 2
3142 1
3143 1
3144 2
3145 4
3146 1
3147 2
3148 2
3149 3
3151 1
3152 2
3154 3
3155 2
3156 3
3157 4
3158 2
3159 4
3160 2
3163 1
3165 2
3166 2
3167 7
3168 1
3169 3
3170 3
3171 2
3172 2
3174 1
3175 4
3176 3
3178 2
3179 1
3180 1
3181 2
3182 1
3183 1
3184 1
3185 3
3186 4
3187 1
3189 2
3190 1
3191 1
3192 2
3195 1
3196 6
3197 1
3198 2
3200 2
3201 5
3202 2
3204 3
3206 2
3208 3
3209 3
3210 1
3211 2
3212 1
3213 1
3214 2
3215 2
3216 3
3218 1
3219 2
3220 2
3222 1
3223 1
3224 2
3226 4
3227 1
3228 2
3229 6
3230 2
3231 2
3232 1
3233 2
3234 1
3235 2
3236 3
3237 1
3238 1
3239 3
3240 3
3241 3
3242 2
3243 2
3244 2
3245 1
3246 2
3247 3
3248 3
3250 3
3251 2
3252 2
3253 1
3255 6
3256 8
3257 2
3259 2
3261 3
3263 2
3265 2
3266 4
3267 5
3268 2
3269 4
3270 4
3271 1
3272 1
3273 2
3274 5
3276 2
3277 2
3278 2
3279 4
3280 2
3281 3
3282 1
3283 3
3286 3
3287 2
3288 3
3289 3
3290 1
3292 3
3293 1
3294 3
3295 4
3296 2
3297 1
3299 1
3301 1
3302 2
3304 3
3305 2
3306 4
3307 3
3308 1
3309 2
3310 1
3311 3
3313 2
3315 1
3316 1
3317 2
3318 3
3319 3
3321 1
3322 2
3323 1
3324 3
3325 2
3326 3
3327 2
3328 3
3330 2
3331 3
3333 2
3335 1
3336 2
3337 2
3338 1
3340 1
3341 3
3343 3
3344 7
3345 1
3346 1
3347 2
3348 1
3349 2
3350 4
3351 2
3352 2
3353 2
3354 1
3355 1
3356 1
3357 3
3358 3
3360 2
3361 4
3362 2
3363 2
3364 1
3365 2
3366 2
3367 1
3368 4
3369 8
3370 3
3371 3
3372 2
3373 3
3376 1
3377 3
3378 1
3379 1
3380 1
3381 3
3382 1
3384 2
3385 1
3386 3
3387 1
3388 1
3390 1
3392 3
3393 2
3394 1
3395 1
3396 3
3397 3
3398 3
3400 1
3402 2
3403 1
3404 1
3405 3
3406 2
3407 1
3408 3
3410 1
3411 1
3412 2
3413 3
3414 4
3415 5
3416 1
3418 3
3419 1
3420 2
3422 2
3423 1
3425 3
3426 2
3427 3
3428 1
3429 1
3430 2
3431 1
3432 2
3433 4
3434 1
3435 1
3436 2
3437 1
3438 6
3439 3
3440 5
3441 1
3442 4
3443 3
3444 2
3445 1
3447 1
3448 4
3449 2
3450 2
3451 1
3452 1
3453 2
3455 4
3457 1
3459 3
3460 4
3461 1
3462 1
3463 2
3464 2
3465 3
3466 1
3467 4
3468 2
3469 1
3470 3
3471 2
3472 3
3473 4
3474 2
3475 1
3476 6
3478 1
3480 2
3481 3
3482 2
3483 2
3484 2
3485 2
3487 3
3488 1
3489 3
3490 1
3491 2
3492 6
3493 4
3494 1
3495 3
3496 2
3497 1
3498 1
3499 1
3500 1
3501 1
3502 1
3504 3
3505 2
3506 4
3507 2
3508 3
3509 1
3510 4
3511 2
3512 1
3513 3
3514 1
3515 1
3516 1
3517 2
3518 3
3519 3
3520 4
3521 2
3522 4
3523 1
3524 1
3526 3
3527 2
3528 2
3529 1
3530 2
3532 1
3533 2
3534 3
3536 3
3537 5
3538 2
3539 3
3540 2
3541 1
3542 3
3543 1
3544 3
3545 1
3547 1
3548 5
3549 2
3550 3
3551 3
3552 3
3553 2
3554 2
3556 3
3557 1
3559 4
3560 1
3561 2
3562 1
3563 3
3564 2
3565 4
3566 2
3567 4
3568 2
3569 7
3570 1
3571 4
3572 2
3573 2
3574 1
3575 2
3576 3
3577 4
3578 4
3579 2
3580 2
3582 1
3584 4
3585 2
3586 2
3587 3
3588 4
3589 1
3590 3
3591 1
3592 1
3593 1
3594 4
3595 2
3597 1
3598 2
3599 3
3601 3
3603 2
3604 3
3605 2
3606 1
3607 1
3608 3
3609 4
3610 1
3612 5
3613 2
3614 1
3615 2
3616 2
3617 1
3618 3
3619 1
3620 2
3621 1
3623 1
3624 2
3625 1
3626 6
3627 2
3628 1
3629 3
3630 1
3631 1
3634 2
3635 1
3636 4
3637 1
3638 3
3639 3
3641 3
3642 2
3644 2
3645 3
3646 1
3647 1
3648 3
3649 2
3650 1
3651 4
3652 1
3654 1
3655 3
3656 3
3657 6
3658 3
3659 2
3660 3
3662 1
3663 2
3664 1
3665 3
3666 2
3667 1
3669 2
3671 4
3673 1
3674 4
3675 3
3676 1
3678 2
3680 2
3681 4
3682 2
3683 2
3684 1
3686 1
3688 5
3689 3
3690 1
3691 2
3693 2
3694 1
3695 2
3696 1
3698 1
3699 2
3700 3
3701 1
3702 3
3703 1
3704 2
3706 5
3707 4
3708 2
3709 2
3710 1
3711 3
3712 2
3713 2
3714 1
3715 2
3716 4
3718 1
3719 3
3720 3
3721 5
3722 3
3725 4
3726 3
3728 1
3729 2
3730 1
3731 2
3732 1
3733 3
3735 2
3736 1
3737 4
3739 3
3740 2
3741 1
3742 4
3744 3
3745 2
3746 2
3748 4
3750 4
3751 5
3753 1
3754 1
3755 5
3756 3
3757 1
3758 3
3759 2
3760 2
3761 2
3762 2
3763 1
3764 3
3765 2
3767 1
3769 2
3770 4
3772 3
3774 2
3775 1
3776 4
3777 2
3778 1
3780 1
3781 1
3782 4
3783 1
3784 1
3786 1
3788 3
3789 1
3791 6
3792 1
3793 1
3794 4
3795 1
3796 1
3797 5
3798 2
3799 3
3800 2
3801 4
3802 4
3803 3
3805 1
3806 4
3807 3
3808 3
3809 2
3810 3
3811 2
3812 1
3813 2
3814 1
3816 2
3817 2
3818 1
3820 4
3821 1
3822 4
3823 1
3824 1
3825 1
3826 1
3827 6
3828 1
3829 2
3830 1
3832 1
3833 4
3834 1
3835 1
3836 4
3837 4
3839 2
3840 1
3841 1
3843 2
3845 2
3848 2
3850 3
3851 3
3852 2
3853 2
3854 2
3856 2
3857 1
3858 3
3859 2
3860 2
3861 2
3862 2
3863 2
3864 5
3865 1
3866 1
3867 3
3868 3
3870 1
3871 5
3872 1
3873 5
3874 1
3876 3
3877 1
3878 1
3879 2
3882 2
3885 5
3886 2
3887 4
3888 1
3890 2
3891 1
3892 2
3893 4
3894 2
3895 1
3896 1
3897 2
3898 1
3899 1
3900 1
3901 3
3902 2
3903 3
3904 1
3905 1
3906 4
3907 4
3908 2
3909 1
3911 3
3912 3
3913 1
3914 1
3915 3
3917 1
3919 2
3920 1
3922 2
3923 5
3924 1
3925 3
3926 3
3927 4
3928 4
3929 2
3930 2
3931 1
3932 1
3933 1
3934 1
3936 1
3937 1
3938 1
3940 2
3941 1
3942 2
3944 3
3945 2
3946 1
3947 1
3951 4
3953 2
3954 2
3955 3
3956 1
3957 1
3958 2
3959 1
3960 2
3961 2
3962 1
3964 1
3965 4
3966 1
3967 2
3968 3
3969 4
3970 1
3971 1
3972 2
3973 1
3974 6
3975 2
3977 4
3978 1
3979 6
3980 3
3981 2
3982 3
3983 4
3984 2
3985 1
3986 2
3988 1
3989 2
3990 2
3991 2
3992 1
3995 1
3996 2
3998 4
3999 2
4001 4
4002 5
4003 2
4004 3
4005 3
4007 2
4008 3
4009 2
4010 5
4011 5
4012 3
4013 2
4014 4
4015 1
4016 1
4017 5
4018 5
4019 4
4021 3
4022 3
4024 5
4027 2
4028 6
4029 1
4030 4
4031 2
4032 3
4034 7
4035 2
4036 1
4037 2
4038 1
4039 3
4040 1
4041 2
4042 6
4044 3
4045 1
4046 1
4047 3
4048 4
4049 1
4050 1
4051 2
4052 1
4053 2
4054 2
4057 1
4058 3
4059 3
4060 2
4061 5
4062 2
4063 3
4064 4
4066 1
4067 3
4068 5
4069 1
4070 2
4071 1
4072 3
4073 4
4074 1
4076 3
4077 2
4078 4
4079 1
4080 1
4081 1
4082 3
4083 2
4086 3
4087 1
4088 5
4089 2
4090 4
4091 2
4092 1
4093 1
4094 1
4097 2
4098 1
4099 2
4101 3
4102 3
4103 3
4104 5
4105 2
4106 1
4107 2
4109 3
4110 3
4111 2
4112 2
4113 1
4114 2
4115 2
4117 1
4118 5
4119 1
4121 3
4122 1
4123 2
4124 1
4125 1
4127 5
4128 1
4129 1
4130 2
4131 2
4132 1
4134 1
4135 1
4136 2
4137 3
4138 4
4140 3
4141 4
4142 2
4144 1
4145 4
4146 1
4147 3
4148 2
4149 1
4150 2
4152 1
4153 2
4154 1
4155 2
4156 3
4157 1
4158 2
4159 2
4160 2
4161 4
4162 2
4163 1
4164 3
4166 2
4167 1
4168 1
4169 3
4171 2
4172 2
4173 1
4174 2
4175 3
4177 3
4179 5
4180 1
4181 1
4182 2
4183 1
4184 1
4185 1
4186 3
4187 1
4188 2
4189 3
4190 4
4191 2
4192 1
4193 5
4194 1
4195 1
4196 2
4197 5
4198 4
4199 1
4200 3
4201 2
4202 2
4203 1
4204 4
4205 1
4206 2
4207 6
4208 1
4209 3
4210 2
4211 1
4212 1
4213 1
4214 3
4215 1
4216 1
4217 5
4218 5
4219 3
4220 4
4221 2
4222 1
4223 1
4224 1
4225 3
4226 3
4227 1
4228 4
4229 1
4231 5
4232 3
4233 1
4234 2
4235 3
4237 2
4238 1
4240 3
4241 3
4242 1
4243 1
4244 1
4245 1
4246 2
4247 3
4249 2
4250 1
4251 4
4253 2
4254 3
4255 2
4256 1
4257 5
4259 1
4260 2
4261 2
4262 1
4263 4
4264 4
4265 2
4266 3
4267 2
4268 1
4270 1
4271 3
4272 3
4273 3
4274 1
4275 1
4276 2
4278 2
4279 4
4280 4
4282 1
4283 4
4284 1
4285 1
4286 1
4287 4
4288 1
4289 2
4290 3
4291 1
4292 4
4293 2
4294 1
4295 2
4296 2
4297 2
4298 1
4299 1
4302 3
4303 2
4304 2
4306 1
4308 2
4309 3
4310 1
4311 1
4312 1
4313 1
4314 1
4315 1
4316 2
4317 4
4318 2
4319 4
4320 1
4321 1
4322 2
4323 1
4324 2
4325 2
4326 1
4327 2
4328 1
4329 4
4330 3
4331 1
4332 4
4333 4
4334 1
4335 2
4336 3
4337 2
4338 1
4339 2
4340 2
4341 2
4342 6
4343 1
4344 2
4345 2
4346 4
4347 1
4348 3
4349 4
4350 1
4351 2
4352 1
4353 2
4354 1
4356 1
4357 1
4358 2
4359 1
4360 4
4363 1
4365 1
4366 3
4367 3
4368 1
4369 2
4370 2
4371 1
4372 1
4373 2
4374 1
4375 2
4376 2
4378 1
4379 1
4380 2
4381 2
4383 3
4384 2
4385 1
4387 3
4388 2
4389 3
4390 1
4391 4
4394 4
4395 1
4396 3
4397 3
4398 1
4399 3
4400 2
4401 2
4402 5
4403 3
4404 4
4405 5
4406 1
4407 2
4408 1
4409 4
4410 4
4411 2
4412 4
4413 1
4415 2
4416 2
4417 4
4419 2
4420 5
4421 4
4422 2
4423 1
4424 4
4425 4
4427 1
4428 1
4429 1
4430 2
4431 2
4433 1
4434 2
4437 1
4438 6
4440 4
4441 1
4442 2
4443 4
4444 1
4445 2
4446 5
4447 2
4448 1
4449 2
4450 2
4452 3
4453 1
4454 1
4455 2
4456 3
4457 3
4459 3
4461 2
4462 1
4463 5
4465 5
4466 2
4467 4
4468 1
4470 1
4471 1
4472 4
4473 2
4474 3
4475 1
4477 1
4479 1
4480 3
4481 1
4483 1
4484 1
4485 1
4486 4
4487 6
4489 2
4490 1
4491 2
4492 2
4493 1
4494 2
4496 1
4497 1
4498 2
4500 3
4502 3
4504 5
4505 1
4506 1
4507 2
4508 1
4509 5
4511 2
4512 2
4513 4
4515 1
4516 3
4518 2
4519 2
4520 2
4522 1
4523 1
4524 2
4525 1
4526 5
4527 4
4528 1
4530 2
4531 3
4533 1
4535 1
4537 5
4538 1
4540 2
4541 3
4542 2
4543 4
4544 3
4545 3
4546 2
4548 3
4549 4
4550 4
4551 1
4552 1
4553 2
4554 2
4555 1
4556 2
4558 3
4559 3
4560 3
4561 3
4562 1
4563 1
4564 1
4565 4
4566 1
4567 3
4568 1
4569 2
4570 1
4571 3
4573 1
4576 3
4577 1
4578 6
4579 2
4580 1
4582 3
4583 4
4584 3
4585 1
4587 1
4588 1
4590 3
4591 1
4592 2
4593 2
4594 3
4595 3
4596 1
4597 3
4599 3
4600 2
4601 1
4602 2
4603 4
4604 4
4607 4
4608 2
4609 3
4611 1
4612 2
4613 2
4615 1
4616 2
4618 4
4619 2
4620 2
4621 1
4622 1
4623 2
4624 2
4625 2
4626 1
4627 4
4628 4
4629 3
4630 2
4631 2
4632 3
4633 1
4635 4
4636 2
4637 2
4638 2
4639 2
4640 5
4641 2
4642 1
4643 3
4645 4
4646 2
4647 3
4648 1
4649 5
4650 3
4652 2
4653 1
4654 1
4656 1
4657 5
4658 2
4660 3
4661 3
4663 3
4664 1
4665 3
4666 4
4667 1
4668 4
4669 1
4670 1
4671 2
4672 3
4674 2
4675 3
4676 4
4677 2
4678 1
4679 1
4680 2
4681 1
4682 1
4683 4
4685 2
4686 2
4687 2
4689 2
4691 1
4692 2
4694 5
4695 1
4696 5
4697 1
4698 1
4699 2
4700 3
4701 2
4703 1
4705 1
4706 2
4708 3
4709 2
4711 2
4712 5
4713 4
4714 1
4715 1
4716 4
4717 1
4718 3
4719 1
4720 2
4722 1
4723 1
4724 2
4725 2
4726 3
4727 1
4728 3
4729 2
4731 1
4732 5
4734 3
4735 3
4736 1
4737 2
4738 1
4739 5
4740 3
4741 5
4742 1
4743 2
4744 2
4745 3
4746 1
4747 1
4748 2
4749 1
4750 4
4751 1
4752 3
4754 1
4756 5
4757 3
4758 1
4759 2
4760 1
4761 3
4762 4
4763 3
4764 1
4765 2
4766 2
4767 1
4768 2
4769 4
4770 1
4772 1
4773 2
4775 2
4776 2
4777 1
4778 2
4780 2
4781 1
4782 4
4783 1
4784 2
4785 1
4786 2
4787 1
4788 3
4789 1
4790 2
4791 1
4792 1
4793 3
4795 1
4796 1
4797 2
4798 1
4802 2
4803 1
4804 4
4805 3
4806 5
4807 1
4808 2
4809 2
4811 3
4812 1
4813 1
4814 3
4815 3
4816 1
4819 2
4820 2
4821 2
4822 2
4823 2
4825 2
4827 3
4828 2
4830 1
4831 2
4832 3
4833 3
4834 1
4835 1
4837 1
4838 1
4839 1
4842 4
4844 2
4847 1
4849 3
4850 1
4851 3
4852 2
4853 2
4854 4
4855 3
4857 3
4858 3
4860 1
4861 3
4862 2
4863 2
4864 1
4866 1
4868 1
4869 1
4870 1
4871 1
4872 2
4873 4
4874 4
4875 1
4876 2
4877 2
4878 2
4879 1
4880 1
4881 1
4882 5
4883 1
4884 3
4885 2
4886 2
4887 1
4888 1
4889 3
4890 1
4891 1
4892 1
4894 3
4895 3
4896 1
4897 1
4898 3
4899 2
4900 1
4903 6
4905 1
4907 1
4908 2
4909 3
4910 3
4912 1
4913 1
4914 3
4915 2
4916 2
4917 4
4918 1
4919 3
4920 3
4921 3
4923 2
4924 2
4925 1
4926 3
4927 4
4928 2
4929 2
4930 2
4931 1
4932 3
4933 1
4934 1
4935 2
4936 2
4937 1
4942 2
4943 2
4944 5
4945 4
4946 1
4947 2
4948 1
4949 2
4950 1
4951 1
4952 2
4953 2
4954 1
4959 1
4960 4
4962 2
4963 1
4964 3
4965 1
4967 1
4968 3
4969 1
4971 2
4972 3
4974 3
4975 1
4976 1
4977 1
4978 5
4979 2
4982 1
4983 3
4984 1
4985 1
4986 1
4987 3
4988 2
4989 1
4990 1
4991 6
4992 2
4995 2
4996 1
4997 4
4998 2
4999 3
5000 1
5001 2
5002 1
5004 1
5007 1
5008 3
5011 2
5013 5
5014 2
5015 1
5016 1
5019 1
5020 1
5021 2
5022 2
5024 2
5025 1
5026 3
5027 4
5028 2
5029 2
5030 2
5031 3
5032 3
5033 2
5034 1
5038 1
5039 2
5040 1
5041 1
5042 1
5044 1
5045 1
5046 2
5047 1
5048 4
5049 2
5050 1
5051 3
5052 2
5053 3
5054 1
5055 3
5056 2
5057 2
5058 2
5059 1
5060 1
5061 2
5062 3
5063 3
5064 3
5065 4
5067 2
5068 2
5069 2
5070 3
5071 4
5072 1
5073 2
5074 1
5075 2
5076 1
5077 3
5078 2
5079 3
5080 1
5081 1
5082 1
5084 4
5085 2
5086 5
5087 2
5088 1
5089 3
5090 2
5092 1
5093 3
5094 4
5095 1
5096 5
5097 2
5100 2
5101 1
5102 3
5103 1
5104 3
5105 2
5106 1
5107 5
5109 1
5110 1
5111 1
5114 3
5115 1
5116 3
5117 2
5118 2
5119 3
5120 2
5121 3
5122 1
5125 1
5126 2
5128 2
5129 2
5130 5
5132 2
5133 3
5134 1
5135 3
5136 1
5137 3
5138 3
5139 1
5140 3
5141 1
5142 2
5143 1
5144 1
5145 2
5146 4
5147 1
5149 3
5150 1
5151 2
5152 1
5153 2
5154 2
5155 2
5157 2
5158 4
5159 2
5160 1
5161 4
5162 3
5164 1
5165 4
5166 2
5169 1
5171 4
5172 4
5173 2
5174 1
5176 1
5177 2
5179 2
5180 2
5181 2
5182 4
5183 1
5184 1
5185 1
5186 1
5187 2
5188 2
5189 1
5190 1
5191 2
5192 3
5193 7
5194 4
5195 4
5197 3
5198 5
5199 3
5200 4
5201 1
5202 6
5203 1
5205 3
5206 1
5207 2
5208 1
5211 3
5212 2
5213 3
5214 3
5216 1
5217 1
5219 3
5220 1
5221 1
5222 3
5224 2
5225 3
5226 1
5228 3
5229 4
5230 2
5231 3
5232 1
5234 3
5235 1
5238 4
5240 4
5241 1
5243 4
5245 2
5246 3
5249 1
5250 4
5251 3
5252 2
5253 6
5254 1
5256 1
5257 2
5258 2
5259 1
5260 2
5261 1
5262 2
5263 2
5264 3
5265 2
5266 2
5267 2
5268 1
5269 2
5270 4
5271 3
5274 2
5275 1
5277 5
5279 4
5280 3
5282 2
5283 3
5284 3
5285 3
5286 2
5287 2
5288 3
5290 1
5291 2
5292 2
5293 2
5294 1
5295 2
5296 4
5298 1
5299 2
5300 2
5301 1
5302 5
5303 1
5304 3
5305 3
5306 2
5307 1
5308 2
5310 2
5311 3
5313 4
5314 1
5315 2
5316 4
5317 4
5318 3
5319 1
5320 2
5321 3
5323 3
5325 1
5326 2
5327 3
5328 1
5329 2
5330 3
5331 3
5333 1
5334 4
5335 4
5336 1
5337 4
5338 1
5339 3
5340 2
5341 3
5342 2
5343 1
5344 1
5345 2
5346 3
5347 3
5348 1
5350 2
5352 4
5353 1
5355 2
5356 2
5357 1
5358 3
5360 2
5361 3
5362 2
5363 2
5364 4
5365 3
5367 1
5368 4
5369 2
5370 4
5371 3
5372 4
5374 3
5375 3
5376 3
5377 3
5379 1
5380 1
5381 2
5383 1
5384 2
5385 3
5386 2
5387 2
5388 1
5389 2
5390 2
5391 1
5392 2
5394 1
5395 3
5396 2
5397 2
5398 3
5400 1
5401 1
5402 1
5403 4
5404 2
5405 3
5406 5
5407 1
5409 4
5410 2
5411 3
5412 1
5415 2
5416 1
5417 1
5418 3
5419 3
5420 2
5422 1
5423 4
5424 2
5425 2
5427 4
5428 2
5429 4
5430 2
5431 1
5432 1
5433 1
5434 1
5435 2
5436 1
5437 3
5438 3
5439 3
5440 1
5441 1
5442 4
5443 1
5444 4
5445 1
5446 1
5447 2
5448 2
5449 2
5450 2
5452 5
5453 2
5454 3
5455 1
5456 1
5457 1
5459 4
5460 2
5461 1
5462 1
5463 2
5465 2
5466 2
5467 2
5468 1
5469 4
5470 3
5472 4
5473 1
5474 2
5475 2
5476 2
5477 1
5478 2
5479 4
5480 4
5481 4
5482 1
5483 1
5484 3
5485 3
5487 1
5488 2
5489 4
5490 2
5491 3
5492 4
5494 2
5496 2
5497 3
5498 2
5499 1
5500 3
5501 5
5502 3
5503 1
5504 1
5505 3
5506 3
5507 4
5508 2
5509 1
5510 1
5511 1
5512 5
5513 3
5514 3
5515 2
5516 4
5517 1
5519 2
5520 2
5521 3
5522 2
5523 4
5524 2
5525 2
5526 1
5527 2
5530 1
5531 3
5532 5
5533 5
5534 1
5535 1
5538 1
5539 1
5540 2
5541 3
5542 4
5543 2
5544 1
5545 1
5546 1
5547 1
5548 3
5549 2
5550 1
5552 1
5553 1
5554 3
5555 1
5556 1
5557 2
5558 2
5559 5
5560 2
5561 1
5562 2
5563 2
5564 3
5565 1
5566 1
5567 3
5568 1
5569 2
5570 3
5571 1
5572 1
5573 1
5574 3
5575 1
5576 1
5578 4
5579 1
5581 4
5582 1
5583 2
5584 4
5585 2
5587 3
5590 2
5591 2
5592 1
5593 2
5594 2
5595 1
5596 1
5597 4
5598 1
5599 2
5600 3
5601 2
5602 2
5603 3
5604 1
5605 2
5606 1
5607 1
5608 1
5609 1
5610 3
5611 2
5612 1
5614 2
5615 6
5616 3
5617 1
5618 3
5619 2
5620 3
5621 4
5623 2
5624 4
5628 2
5629 2
5630 2
5631 4
5632 4
5633 3
5634 1
5638 1
5640 5
5641 3
5642 3
5643 5
5644 2
5645 4
5647 1
5648 2
5649 4
5650 1
5651 2
5652 3
5653 3
5654 2
5655 1
5657 1
5658 3
5659 3
5661 2
5662 2
5663 2
5664 2
5665 1
5666 2
5667 1
5669 2
5672 3
5673 2
5675 3
5676 3
5677 2
5678 1
5679 2
5680 1
5681 1
5682 2
5684 2
5685 1
5686 1
5687 3
5688 1
5689 2
5690 1
5691 1
5692 1
5693 5
5695 3
5696 4
5697 3
5699 2
5700 1
5701 5
5702 1
5703 5
5704 1
5706 1
5707 2
5708 3
5709 1
5710 2
5711 6
5712 1
5713 1
5714 1
5715 2
5716 2
5717 2
5718 2
5719 3
5720 3
5721 1
5722 1
5723 2
5724 1
5725 1
5726 1
5727 2
5729 2
5730 2
5731 1
5732 3
5733 4
5734 3
5735 2
5736 2
5737 2
5738 4
5739 2
5740 1
5741 2
5742 1
5744 3
5745 3
5746 2
5747 3
5748 1
5749 1
5751 4
5752 3
5754 1
5755 2
5756 5
5757 3
5760 3
5761 4
5764 1
5765 2
5766 3
5767 2
5768 3
5769 2
5770 3
5771 5
5772 2
5773 1
5776 2
5777 2
5778 2
5779 3
5780 2
5781 1
5782 3
5783 1
5784 1
5785 4
5786 1
5787 3
5788 2
5789 1
5790 3
5791 2
5792 3
5793 4
5794 3
5796 1
5798 3
5799 1
5802 2
5804 4
5805 1
5807 1
5808 2
5810 1
5811 1
5815 4
5816 2
5817 1
5819 2
5820 1
5821 5
5822 2
5824 3
5825 3
5826 1
5828 2
5829 2
5831 2
5832 3
5833 1
5834 2
5835 1
5837 1
5838 1
5839 6
5840 2
5841 2
5842 2
5843 3
5844 3
5845 4
5846 3
5847 3
5848 2
5849 1
5850 1
5851 1
5853 1
5854 4
5855 1
5857 1
5858 4
5859 1
5860 3
5861 2
5864 2
5865 3
5866 2
5867 3
5868 1
5871 1
5872 1
5873 1
5874 1
5875 1
5876 3
5877 1
5878 3
5879 3
5880 2
5882 2
5883 3
5884 2
5885 1
5887 2
5888 1
5889 1
5890 3
5891 1
5892 4
5893 4
5894 1
5895 1
5896 2
5897 2
5898 3
5899 3
5900 1
5902 1
5903 1
5905 6
5906 5
5907 1
5908 1
5909 3
5910 2
5911 5
5912 1
5913 3
5914 2
5916 7
5917 2
5918 2
5919 2
5921 1
5923 2
5924 5
5925 2
5926 2
5928 2
5930 3
5931 2
5932 4
5933 1
5934 3
5935 4
5936 1
5937 3
5939 2
5940 1
5941 2
5942 2
5943 5
5944 3
5945 4
5946 1
5948 2
5949 2
5952 3
5953 1
5954 1
5955 2
5956 1
5957 6
5958 1
5960 1
5962 5
5963 2
5964 2
5965 4
5966 1
5967 3
5968 2
5969 1
5970 1
5971 2
5972 1
5973 3
5974 2
5976 3
5977 1
5979 1
5980 3
5981 2
5982 1
5983 1
5984 2
5986 1
5988 1
5989 3
5990 1
5991 1
5992 1
5993 3
5994 3
5995 1
5996 1
5997 2
5998 3
5999 3
6000 4
6002 4
6003 2
6004 2
6005 3
6006 2
6007 4
6008 1
6009 1
6010 4
6012 1
6013 4
6014 3
6015 1
6016 1
6017 2
6018 2
6019 1
6020 1
6022 1
6023 4
6024 2
6025 1
6026 1
6027 2
6028 1
6029 1
6032 1
6033 4
6034 3
6035 1
6036 3
6037 3
6039 1
6040 5
6041 3
6042 2
6043 3
6044 3
6046 1
6047 3
6048 3
6049 2
6050 3
6051 2
6052 2
6053 1
6054 2
6056 4
6057 3
6058 6
6059 2
6060 1
6061 2
6063 2
6064 3
6065 2
6066 2
6067 2
6068 3
6069 3
6070 2
6071 2
6073 1
6074 6
6075 1
6076 2
6078 1
6079 2
6081 2
6083 1
6084 3
6086 1
6087 5
6088 1
6089 3
6091 2
6092 1
6093 2
6094 2
6096 1
6097 2
6098 2
6099 2
6100 1
6101 2
6102 2
6103 1
6104 2
6105 2
6106 1
6107 2
6108 1
6109 3
6110 3
6111 3
6112 2
6113 3
6114 1
6116 4
6117 2
6118 3
6121 1
6122 2
6123 2
6124 1
6125 3
6126 3
6127 1
6128 3
6129 2
6130 2
6131 3
6132 2
6133 2
6134 1
6135 1
6136 3
6137 1
6138 3
6139 4
6140 5
6141 4
6142 2
6143 1
6145 1
6146 3
6147 2
6148 1
6149 3
6150 4
6151 2
6152 1
6153 1
6154 2
6155 2
6156 8
6157 1
6158 4
6159 3
6160 1
6161 1
6162 2
6163 1
6164 1
6165 2
6166 3
6167 3
6168 1
6169 2
6171 1
6172 3
6174 3
6175 2
6177 1
6179 2
6180 2
6181 1
6182 3
6183 1
6184 3
6185 1
6187 2
6188 1
6189 1
6190 2
6191 4
6192 2
6193 2
6194 2
6195 1
6196 6
6198 1
6199 7
6200 2
6201 3
6202 3
6203 4
6204 5
6205 1
6207 2
6208 1
6209 3
6211 1
6212 4
6213 2
6214 1
6215 1
6216 4
6217 3
6218 1
6219 1
6221 2
6222 1
6223 2
6224 1
6225 2
6226 3
6228 3
6229 1
6230 2
6231 1
6234 3
6236 1
6237 5
6238 5
6239 2
6240 3
6241 2
6242 1
6243 1
6245 1
6247 1
6249 2
6250 3
6251 1
6252 1
6253 2
6254 5
6255 4
6256 4
6257 2
6258 3
6259 2
6260 3
6261 1
6262 1
6263 1
6264 2
6267 1
6268 2
6269 1
6270 1
6272 1
6275 2
6276 4
6277 3
6279 1
6281 4
6282 2
6283 3
6285 1
6286 5
6287 1
6288 1
6290 3
6291 2
6292 1
6294 2
6295 1
6296 4
6297 4
6298 2
6300 1
6301 1
6302 1
6304 2
6305 4
6306 2
6308 1
6310 1
6311 1
6313 3
6314 1
6315 4
6316 4
6318 2
6319 3
6320 2
6321 2
6322 5
6323 2
6324 1
6325 1
6327 4
6328 1
6329 3
6330 3
6331 3
6332 2
6334 2
6335 2
6337 1
6338 4
6339 2
6340 4
6341 1
6342 2
6343 1
6344 2
6345 4
6346 2
6347 1
6349 2
6350 5
6352 2
6353 1
6354 1
6355 1
6356 3
6357 2
6358 5
6360 2
6361 1
6362 2
6363 4
6365 4
6366 1
6367 3
6368 4
6369 2
6370 3
6371 1
6372 1
6374 2
6375 4
6376 4
6377 3
6378 2
6379 1
6380 1
6381 5
6382 3
6383 1
6384 2
6385 1
6386 3
6387 2
6389 3
6390 1
6391 3
6392 1
6393 5
6394 1
6396 1
6397 1
6399 3
6400 2
6401 2
6402 1
6403 4
6404 5
6405 5
6406 2
6407 4
6408 2
6409 1
6410 2
6411 3
6412 3
6413 2
6414 1
6415 1
6416 1
6417 2
6419 4
6420 1
6421 1
6422 1
6423 4
6424 3
6425 1
6426 2
6427 5
6429 1
6430 3
6431 3
6432 6
6433 1
6434 2
6435 1
6436 3
6437 1
6438 2
6439 2
6440 2
6441 1
6442 2
6443 3
6444 1
6446 2
6447 2
6448 2
6449 1
6452 3
6453 1
6454 2
6456 1
6457 4
6459 2
6460 3
6462 1
6463 2
6464 1
6465 2
6467 1
6468 2
6469 1
6470 2
6473 4
6475 1
6476 3
6477 4
6478 2
6479 2
6480 3
6481 3
6482 2
6483 3
6484 2
6485 3
6486 1
6487 3
6488 4
6489 1
6490 2
6491 1
6492 1
6493 3
6495 2
6497 1
6498 3
6499 1
6500 1
6501 1
6502 2
6503 1
6505 1
6506 1
6507 1
6508 2
6509 2
6511 2
6512 1
6514 2
6515 1
6516 1
6517 3
6518 2
6519 2
6520 1
6521 2
6522 3
6523 2
6524 5
6525 2
6526 1
6527 1
6529 5
6530 2
6531 1
6532 1
6534 3
6535 3
6536 1
6538 1
6539 5
6540 1
6541 1
6542 3
6543 2
6544 3
6545 1
6546 3
6547 1
6548 2
6549 3
6550 3
6551 1
6552 2
6553 2
6554 2
6555 2
6556 1
6557 2
6558 2
6559 1
6560 3
6561 5
6562 2
6563 1
6565 1
6566 3
6567 3
6568 4
6570 1
6571 1
6572 4
6573 5
6577 1
6578 1
6579 1
6580 1
6581 2
6582 2
6583 3
6584 3
6585 1
6586 1
6587 4
6588 5
6590 3
6591 4
6592 1
6594 4
6595 2
6596 1
6597 1
6598 1
6599 2
6600 4
6601 4
6602 1
6604 2
6606 2
6607 3
6608 1
6609 1
6610 2
6611 1
6612 2
6613 2
6614 1
6615 2
6616 2
6618 3
6619 1
6620 3
6621 2
6622 4
6623 4
6624 2
6625 5
6626 1
6627 1
6628 4
6630 2
6631 2
6632 2
6633 2
6634 1
6635 2
6636 1
6637 2
6638 3
6639 2
6640 1
6641 2
6642 2
6643 2
6644 2
6645 2
6646 3
6648 1
6649 5
6650 4
6652 2
6653 1
6654 1
6655 2
6656 1
6657 1
6658 2
6659 2
6661 4
6664 1
6665 1
6666 2
6668 2
6669 2
6670 1
6671 2
6672 3
6673 1
6674 3
6675 2
6676 2
6677 2
6678 3
6679 2
6680 3
6681 3
6682 3
6684 1
6685 1
6686 1
6687 1
6688 2
6689 1
6691 3
6692 4
6693 1
6694 4
6695 4
6696 1
6698 2
6699 6
6701 1
6702 3
6703 2
6704 3
6705 2
6707 1
6708 1
6709 2
6710 3
6711 3
6712 2
6713 2
6714 3
6715 2
6716 1
6718 1
6719 3
6720 2
6721 1
6722 2
6723 1
6724 1
6725 2
6726 2
6727 3
6728 2
6729 2
6730 2
6731 1
6733 1
6734 4
6736 1
6737 2
6738 1
6739 3
6740 1
6741 4
6742 3
6743 2
6745 2
6746 3
6747 6
6748 2
6749 4
6750 3
6751 2
6752 3
6754 3
6755 1
6756 4
6757 3
6758 1
6759 2
6762 2
6763 2
6764 2
6766 4
6767 5
6768 4
6769 2
6770 1
6771 1
6772 5
6773 1
6774 3
6775 1
6776 1
6777 1
6779 3
6780 2
6781 2
6782 4
6783 2
6784 2
6786 3
6787 2
6788 2
6789 3
6790 4
6791 2
6792 1
6793 4
6794 3
6795 3
6796 1
6797 2
6798 2
6799 2
6802 1
6804 1
6805 1
6808 2
6809 1
6810 1
6811 2
6812 3
6813 4
6814 1
6816 3
6817 2
6818 1
6819 3
6820 2
6821 1
6822 2
6823 1
6824 2
6825 3
6826 2
6827 4
6828 1
6829 3
6830 4
6831 3
6832 2
6833 1
6834 2
6835 2
6838 1
6839 1
6841 1
6842 2
6843 2
6844 3
6845 1
6846 2
6847 2
6849 2
6850 1
6851 1
6852 1
6853 1
6854 6
6855 1
6856 4
6857 2
6859 5
6860 1
6861 2
6862 1
6863 4
6864 1
6865 3
6866 3
6867 1
6868 2
6869 1
6870 2
6872 3
6873 2
6874 1
6875 1
6876 2
6877 3
6878 2
6880 2
6881 3
6883 2
6884 2
6885 5
6886 1
6887 2
6888 5
6890 1
6891 4
6892 3
6893 3
6894 1
6895 1
6896 1
6897 1
6898 3
6899 2
6900 1
6901 1
6902 1
6903 2
6904 1
6905 3
6906 1
6907 2
6908 2
6909 2
6910 2
6911 2
6912 3
6913 1
6914 1
6916 3
6917 3
6918 1
6919 2
6920 2
6921 2
6922 1
6923 1
6924 1
6925 1
6926 1
6927 1
6928 3
6929 3
6930 2
6931 4
6932 3
6933 1
6934 2
6935 3
6936 6
6937 2
6938 1
6939 6
6940 3
6941 1
6942 3
6943 1
6944 3
6945 3
6946 5
6947 2
6949 5
6950 1
6951 1
6952 1
6953 1
6954 1
6955 1
6957 2
6958 2
6959 3
6963 4
6964 1
6965 5
6966 2
6967 2
6968 3
6969 3
6970 1
6972 2
6973 2
6974 1
6976 3
6977 3
6978 2
6979 2
6980 3
6981 1
6982 1
6983 1
6985 1
6987 1
6988 2
6989 1
6990 3
6992 3
6993 3
6994 3
6995 3
6996 2
6997 1
6998 1
7000 4
7001 3
7002 1
7003 1
7004 3
7005 3
7007 1
7008 4
7011 1
7013 3
7014 3
7015 4
7016 3
7017 3
7019 2
7020 1
7021 2
7022 1
7023 1
7025 3
7026 4
7027 1
7028 3
7029 2
7030 2
7034 2
7035 3
7036 1
7037 2
7038 3
7039 2
7040 5
7041 1
7044 2
7046 4
7047 1
7048 2
7049 2
7050 1
7051 2
7052 2
7054 2
7055 2
7056 4
7058 3
7059 1
7060 2
7061 2
7062 3
7063 1
7064 1
7066 1
7067 2
7068 2
7069 1
7070 4
7071 2
7072 2
7073 2
7074 1
7075 2
7077 2
7078 3
7079 2
7080 3
7082 2
7083 1
7085 1
7087 3
7088 3
7089 1
7091 1
7093 2
7094 1
7095 2
7096 2
7097 2
7098 3
7099 1
7100 5
7101 5
7102 1
7103 2
7104 2
7105 3
7106 2
7108 1
7109 3
7110 2
7111 2
7112 1
7113 1
7114 2
7115 3
7116 3
7117 2
7118 5
7120 4
7121 1
7122 2
7123 3
7124 1
7125 1
7126 2
7127 1
7128 2
7129 3
7130 1
7131 3
7134 2
7135 2
7136 2
7137 1
7138 2
7139 1
7140 1
7141 1
7142 2
7143 1
7144 4
7145 1
7146 2
7147 3
7148 1
7149 1
7151 1
7152 4
7155 2
7156 2
7157 1
7158 2
7159 3
7160 1
7161 4
7162 1
7163 3
7164 4
7165 1
7166 1
7167 3
7168 1
7169 1
7170 1
7171 1
7172 1
7174 4
7175 2
7176 1
7177 2
7178 2
7179 4
7180 1
7181 1
7183 2
7184 1
7185 3
7187 4
7189 1
7190 2
7192 4
7193 2
7194 1
7195 3
7196 1
7197 1
7198 1
7199 2
7200 3
7201 1
7202 2
7203 1
7204 1
7205 1
7206 2
7207 2
7208 2
7209 3
7210 1
7211 1
7212 1
7213 1
7214 6
7215 2
7216 3
7218 1
7219 3
7220 2
7221 4
7222 1
7224 2
7226 1
7227 2
7229 2
7231 2
7232 4
7233 2
7234 2
7235 2
7236 3
7237 2
7238 3
7239 1
7240 3
7242 1
7243 1
7245 2
7246 2
7247 1
7248 1
7249 1
7250 2
7253 1
7254 3
7256 2
7258 1
7259 3
7260 3
7261 2
7262 2
7263 3
7265 2
7266 1
7269 2
7270 1
7271 6
7273 1
7274 4
7275 1
7276 2
7277 1
7278 3
7279 3
7282 3
7283 3
7284 1
7285 2
7286 3
7288 3
7289 2
7290 3
7291 1
7292 4
7294 1
7295 2
7296 2
7297 2
7298 2
7300 3
7301 1
7302 1
7303 4
7304 1
7305 2
7306 3
7307 2
7308 1
7309 4
7311 2
7312 4
7315 2
7316 1
7317 1
7318 1
7319 2
7320 3
7321 1
7322 5
7325 3
7326 2
7327 1
7328 2
7329 4
7330 1
7331 3
7332 5
7333 1
7334 2
7336 1
7337 1
7338 2
7341 4
7342 4
7343 1
7344 3
7345 4
7346 3
7347 1
7348 2
7349 2
7350 2
7351 3
7353 1
7354 1
7355 1
7356 1
7357 4
7359 4
7360 1
7361 1
7362 1
7364 2
7365 1
7366 1
7370 1
7372 4
7373 2
7374 4
7375 3
7376 2
7378 1
7379 1
7380 3
7382 4
7383 2
7384 1
7385 1
7387 1
7388 3
7389 3
7390 2
7391 3
7392 2
7393 2
7394 1
7396 1
7397 2
7399 1
7400 1
7401 2
7402 1
7405 1
7406 1
7407 3
7408 1
7409 4
7410 1
7411 1
7413 2
7414 1
7415 2
7416 1
7418 1
7419 4
7420 1
7422 1
7423 3
7425 3
7426 2
7427 6
7428 1
7429 1
7430 1
7431 4
7432 6
7433 3
7434 2
7435 1
7436 1
7437 1
7438 4
7439 2
7440 1
7441 2
7442 2
7445 1
7446 1
7447 3
7448 1
7449 3
7450 3
7451 2
7452 2
7453 2
7455 2
7457 3
7458 5
7459 1
7460 1
7461 1
7462 5
7463 1
7464 3
7467 4
7468 5
7469 2
7470 3
7471 3
7472 1
7473 1
7475 1
7476 3
7477 3
7478 1
7479 2
7480 3
7481 3
7482 1
7483 1
7484 4
7485 2
7486 2
7487 1
7489 5
7490 1
7492 1
7493 1
7494 2
7495 1
7497 1
7498 1
7499 3
7500 2
7501 1
7502 1
7503 1
7505 1
7506 3
7507 3
7508 2
7510 2
7512 3
7513 2
7514 1
7515 2
7516 1
7517 1
7518 5
7519 3
7520 4
7521 5
7522 4
7523 1
7524 1
7525 2
7527 3
7528 6
7529 2
7531 4
7532 1
7533 2
7534 1
7535 1
7536 5
7537 2
7538 5
7539 2
7540 6
7541 2
7542 1
7543 1
7544 1
7546 1
7547 1
7548 2
7549 2
7551 1
7552 3
7553 2
7554 1
7556 4
7558 1
7560 4
7561 1
7562 2
7563 5
7564 1
7566 1
7567 2
7568 2
7570 1
7571 1
7572 3
7573 1
7574 5
7576 4
7577 2
7578 1
7579 2
7580 3
7581 1
7582 1
7583 4
7584 2
7586 2
7587 2
7589 3
7590 3
7591 2
7592 1
7593 2
7594 2
7595 1
7596 2
7597 3
7598 1
7599 1
7600 1
7601 1
7602 1
7604 2
7605 4
7607 2
7608 3
7609 2
7610 3
7611 4
7612 2
7613 3
7614 3
7615 3
7616 4
7617 2
7618 2
7619 2
7620 2
7621 4
7622 5
7623 3
7625 1
7626 3
7627 1
7628 1
7629 1
7630 3
7632 2
7633 1
7634 4
7635 1
7636 2
7637 6
7638 2
7639 1
7640 2
7641 1
7642 2
7643 2
7644 2
7645 1
7646 3
7647 1
7649 2
7650 1
7652 2
7653 4
7654 1
7655 3
7656 2
7657 6
7658 1
7659 2
7660 5
7661 2
7662 1
7663 3
7665 2
7666 2
7667 3
7668 2
7669 1
7670 9
7671 3
7672 3
7673 1
7674 2
7675 2
7676 1
7677 1
7678 1
7679 2
7680 3
7681 2
7682 2
7683 1
7684 3
7685 4
7686 1
7687 2
7688 1
7689 1
7690 1
7691 2
7692 2
7694 1
7695 1
7696 3
7698 2
7699 2
7700 4
7701 4
7702 2
7703 3
7705 4
7706 3
7707 2
7708 1
7709 7
7710 3
7711 2
7712 1
7713 3
7714 2
7716 4
7717 1
7718 2
7719 3
7720 2
7721 1
7722 3
7723 2
7726 3
7727 1
7729 1
7730 2
7731 1
7734 2
7735 2
7736 3
7737 1
7738 1
7739 1
7740 4
7741 2
7743 4
7744 2
7745 2
7746 2
7747 3
7748 3
7749 1
7750 2
7751 3
7753 7
7757 3
7758 5
7759 2
7760 2
7761 2
7762 2
7763 2
7764 1
7766 1
7767 3
7768 3
7769 1
7770 3
7771 2
7772 3
7774 3
7775 1
7777 1
7778 2
7779 2
7780 1
7781 2
7783 1
7784 2
7785 1
7786 3
7787 2
7788 2
7790 2
7791 1
7792 2
7793 2
7794 3
7795 5
7797 1
7798 3
7799 5
7800 1
7801 1
7802 1
7803 1
7806 2
7807 2
7808 3
7809 4
7810 3
7811 4
7812 2
7813 1
7814 2
7815 3
7816 4
7817 1
7818 3
7819 1
7820 2
7821 2
7822 1
7823 2
7824 5
7825 1
7828 2
7829 1
7830 3
7831 3
7832 1
7836 5
7837 3
7838 6
7839 3
7841 5
7842 1
7843 2
7845 1
7847 4
7848 1
7850 8
7851 1
7852 4
7853 2
7854 3
7855 3
7856 2
7858 2
7859 1
7860 1
7861 2
7862 2
7863 4
7865 1
7866 2
7869 4
7870 2
7871 1
7872 3
7873 6
7874 3
7875 2
7876 2
7877 1
7878 2
7879 1
7880 3
7881 8
7882 2
7883 2
7884 2
7885 2
7886 1
7887 1
7888 3
7889 3
7890 1
7891 1
7892 1
7893 1
7895 4
7896 3
7897 2
7898 3
7899 5
7900 2
7902 2
7903 2
7904 1
7905 2
7906 1
7907 1
7908 4
7909 1
7910 4
7911 3
7912 4
7913 1
7917 5
7918 1
7919 1
7920 7
7921 2
7922 1
7925 1
7926 2
7927 3
7928 1
7929 1
7930 5
7931 1
7932 1
7933 5
7934 3
7936 2
7937 4
7939 2
7940 1
7941 2
7944 2
7945 1
7947 4
7948 1
7949 2
7950 2
7951 3
7952 2
7953 1
7954 1
7955 1
7956 1
7957 2
7958 3
7959 2
7960 1
7961 3
7963 1
7964 1
7966 2
7967 1
7968 1
7969 2
7970 2
7971 2
7972 5
7973 3
7974 2
7975 2
7976 3
7977 1
7979 1
7980 3
7982 1
7983 4
7984 1
7986 1
7989 2
7990 2
7991 2
7992 2
7993 3
7994 1
7995 1
7996 2
7997 2
7998 2
7999 2
8000 1
8003 2
8004 2
8005 2
8006 2
8007 2
8008 3
8009 3
8010 1
8011 3
8012 4
8014 1
8016 3
8017 2
8018 2
8019 2
8020 1
8021 3
8022 2
8024 4
8025 7
8026 4
8027 5
8028 6
8029 1
8030 4
8031 2
8032 1
8033 2
8034 1
8036 1
8038 2
8039 4
8040 3
8041 4
8042 2
8044 4
8045 2
8046 2
8048 1
8049 1
8050 4
8051 3
8052 1
8054 3
8055 4
8056 2
8058 1
8059 2
8060 3
8061 2
8062 2
8063 1
8064 1
8065 1
8066 1
8068 1
8069 1
8070 3
8071 2
8072 1
8073 1
8074 1
8076 1
8077 4
8078 3
8079 1
8080 1
8082 2
8084 2
8085 2
8086 3
8087 1
8088 5
8089 4
8090 3
8091 5
8092 2
8094 2
8095 1
8096 3
8097 1
8098 6
8099 1
8101 1
8102 3
8103 2
8104 3
8105 4
8106 3
8107 1
8108 4
8110 2
8111 1
8112 1
8113 1
8115 1
8116 1
8117 1
8118 1
8119 5
8121 5
8122 2
8123 2
8124 3
8125 2
8126 1
8127 1
8128 5
8129 2
8130 2
8131 3
8132 2
8134 2
8135 1
8136 2
8137 2
8138 1
8139 2
8141 2
8142 1
8143 2
8144 2
8145 1
8146 1
8147 2
8148 3
8149 1
8150 2
8151 3
8152 7
8153 4
8154 2
8155 2
8156 3
8157 4
8158 3
8159 1
8160 1
8161 4
8162 5
8163 1
8164 2
8165 2
8166 2
8167 1
8168 3
8169 2
8170 1
8171 1
8172 4
8173 3
8174 2
8175 1
8176 3
8177 2
8178 4
8179 2
8181 1
8182 4
8183 1
8184 4
8185 2
8186 1
8187 1
8188 2
8189 2
8190 2
8191 1
8192 6
8194 3
8195 1
8197 2
8198 3
8199 3
8200 1
8201 4
8202 3
8203 2
8204 4
8205 4
8206 3
8208 1
8209 1
8210 2
8211 5
8212 2
8214 2
8215 3
8216 2
8217 4
8219 4
8220 2
8221 2
8222 4
8223 2
8224 5
8225 2
8226 2
8227 1
8228 1
8229 1
8230 1
8231 3
8232 3
8233 1
8234 1
8235 2
8236 3
8237 2
8239 4
8240 4
8241 1
8242 2
8243 1
8246 1
8247 3
8248 1
8249 2
8250 1
8252 1
8254 1
8255 3
8256 3
8257 2
8258 1
8259 4
8260 2
8261 2
8262 3
8264 4
8265 3
8266 3
8269 1
8271 3
8272 1
8273 4
8274 2
8275 1
8276 3
8277 2
8278 1
8279 3
8280 3
8281 4
8282 4
8283 2
8284 4
8285 5
8286 2
8287 2
8288 3
8289 4
8290 3
8291 1
8292 3
8293 3
8294 2
8295 1
8296 2
8297 2
8298 2
8299 2
8300 4
8301 1
8302 3
8303 2
8304 1
8305 3
8306 3
8307 1
8308 5
8309 2
8310 3
8311 2
8312 4
8313 2
8314 3
8315 2
8316 1
8317 1
8318 2
8319 3
8320 2
8321 2
8323 1
8325 2
8326 2
8327 1
8328 1
8329 2
8330 3
8331 2
8332 1
8333 1
8334 4
8336 2
8337 4
8338 3
8339 1
8340 2
8341 1
8342 1
8344 2
8345 2
8346 1
8347 2
8348 1
8349 3
8350 2
8351 1
8352 2
8353 4
8354 1
8355 1
8356 3
8357 1
8358 2
8359 3
8360 1
8361 4
8362 2
8363 1
8364 2
8366 3
8368 1
8369 2
8370 3
8372 3
8373 1
8374 2
8375 2
8376 6
8377 1
8378 1
8379 2
8380 2
8381 1
8382 2
8383 2
8384 3
8385 2
8386 3
8387 2
8388 1
8389 2
8390 4
8391 1
8393 2
8394 4
8395 1
8396 1
8397 4
8398 2
8399 1
8400 3
8401 3
8402 1
8403 3
8405 4
8406 7
8407 2
8408 2
8409 2
8410 3
8412 2
8413 3
8414 1
8415 2
8416 1
8417 3
8418 1
8419 3
8420 2
8421 1
8422 1
8423 2
8424 3
8425 3
8426 2
8427 5
8428 2
8429 4
8430 3
8431 2
8432 1
8433 1
8434 3
8435 1
8436 2
8437 1
8439 1
8440 2
8441 1
8442 2
8443 3
8444 1
8445 2
8446 2
8447 4
8448 3
8449 1
8450 3
8451 2
8453 1
8455 3
8456 2
8457 2
8458 4
8459 3
8460 4
8461 1
8462 2
8463 2
8464 1
8466 4
8467 2
8469 2
8471 5
8472 1
8473 2
8475 4
8476 3
8477 2
8478 2
8479 3
8481 5
8482 1
8483 1
8484 2
8488 3
8489 2
8492 1
8493 1
8494 2
8495 3
8496 2
8497 1
8498 1
8499 1
8500 1
8501 2
8502 3
8503 2
8504 1
8505 4
8506 1
8507 3
8508 1
8509 1
8510 2
8511 1
8512 1
8513 2
8514 2
8515 1
8516 1
8517 1
8519 1
8520 3
8521 3
8522 2
8524 2
8525 2
8526 3
8527 1
8528 1
8529 4
8530 2
8531 1
8533 4
8534 7
8535 3
8536 3
8537 5
8538 2
8539 3
8540 4
8541 7
8542 2
8543 4
8544 5
8545 4
8546 2
8547 3
8548 3
8549 1
8551 5
8552 4
8553 1
8554 2
8555 1
8558 3
8559 2
8562 3
8563 1
8564 4
8565 5
8566 3
8567 1
8568 1
8569 1
8570 3
8571 2
8572 1
8574 1
8575 1
8576 1
8578 1
8579 1
8580 1
8582 5
8583 2
8586 1
8588 3
8589 1
8590 1
8591 1
8592 6
8593 3
8595 2
8596 1
8597 2
8598 1
8599 3
8600 4
8601 4
8602 1
8603 1
8604 1
8605 2
8606 3
8607 1
8609 3
8610 3
8611 6
8612 3
8614 2
8615 3
8616 1
8618 2
8619 3
8620 3
8621 1
8623 4
8625 1
8626 1
8628 3
8629 4
8630 2
8632 2
8633 2
8634 3
8635 1
8636 1
8637 3
8638 1
8639 3
8641 2
8642 2
8643 2
8644 2
8645 3
8646 2
8647 1
8648 2
8649 1
8650 1
8651 3
8652 2
8653 2
8654 6
8655 1
8656 2
8658 2
8659 2
8660 3
8661 2
8662 3
8663 3
8664 2
8665 2
8666 4
8668 1
8669 2
8670 2
8673 2
8674 3
8675 3
8676 2
8677 2
8679 1
8680 4
8681 2
8682 6
8683 3
8684 3
8685 1
8686 2
8687 3
8688 2
8689 4
8690 1
8691 1
8692 2
8693 1
8694 4
8696 2
8697 1
8698 1
8702 1
8703 2
8704 1
8705 2
8706 4
8707 1
8708 2
8709 1
8711 2
8712 4
8713 1
8714 1
8715 1
8716 3
8717 1
8718 2
8719 1
8720 3
8721 3
8722 3
8723 4
8725 1
8727 2
8728 4
8729 2
8731 3
8732 4
8735 1
8736 1
8737 2
8738 2
8739 3
8740 3
8741 1
8742 1
8743 2
8744 2
8745 3
8746 2
8747 2
8748 2
8749 2
8751 2
8752 4
8753 2
8754 2
8755 4
8756 1
8757 1
8758 1
8759 2
8760 1
8761 3
8762 1
8763 1
8764 2
8766 2
8767 1
8768 2
8769 5
8770 1
8771 1
8772 2
8773 4
8774 2
8775 2
8776 4
8777 2
8778 1
8779 4
8780 1
8781 5
8782 3
8783 1
8784 1
8786 3
8787 1
8788 1
8790 3
8791 3
8792 1
8795 1
8796 3
8799 5
8800 2
8801 4
8802 1
8803 2
8804 3
8805 2
8806 1
8807 1
8808 2
8809 1
8810 2
8811 1
8812 4
8813 3
8814 1
8815 1
8817 2
8818 1
8819 1
8821 2
8822 1
8823 3
8824 3
8825 2
8826 2
8827 2
8829 3
8830 2
8833 1
8834 2
8835 2
8836 3
8837 1
8838 1
8839 3
8840 1
8841 2
8842 3
8845 3
8846 5
8847 1
8849 2
8850 1
8852 1
8854 3
8856 4
8857 1
8858 5
8859 4
8860 2
8861 1
8862 2
8863 3
8864 4
8865 3
8866 2
8868 2
8869 2
8871 1
8873 4
8874 1
8875 1
8876 2
8877 2
8878 5
8879 2
8880 2
8881 1
8882 1
8884 2
8885 2
8886 5
8888 1
8889 2
8890 2
8891 1
8893 2
8894 2
8895 2
8896 1
8897 2
8899 1
8900 4
8901 4
8902 1
8903 3
8905 1
8906 2
8908 3
8909 3
8910 2
8911 1
8912 3
8913 2
8915 1
8916 5
8917 4
8918 1
8919 1
8920 4
8921 1
8922 2
8923 2
8924 1
8926 3
8927 2
8928 3
8929 5
8931 2
8932 1
8933 1
8935 1
8936 4
8937 1
8938 2
8939 3
8940 1
8941 1
8942 1
8943 2
8944 1
8947 2
8948 1
8949 2
8950 2
8952 2
8953 4
8954 1
8956 1
8957 2
8958 2
8959 4
8962 2
8963 2
8964 3
8965 3
8966 3
8967 3
8969 2
8970 2
8971 2
8973 3
8974 1
8975 5
8976 1
8978 3
8979 1
8980 2
8981 2
8982 3
8983 3
8984 1
8985 1
8986 5
8988 1
8989 4
8990 2
8991 2
8992 1
8993 2
8994 3
8996 1
8997 1
8998 2
8999 1
9000 5
9001 2
9002 3
9003 2
9004 2
9005 2
9006 2
9007 1
9008 2
9009 2
9011 2
9012 5
9013 3
9014 1
9015 1
9016 2
9017 2
9018 1
9019 1
9020 4
9021 1
9022 1
9023 2
9024 2
9025 2
9026 4
9027 2
9028 2
9029 2
9030 3
9031 2
9032 3
9033 2
9034 2
9035 2
9036 2
9038 2
9040 3
9041 3
9042 3
9043 4
9044 2
9045 1
9046 2
9047 2
9048 4
9049 1
9050 3
9051 1
9052 1
9053 4
9054 1
9055 4
9057 1
9058 1
9060 2
9061 2
9063 2
9064 1
9065 1
9066 1
9067 2
9068 4
9069 2
9071 2
9072 1
9073 2
9074 1
9075 2
9077 4
9078 3
9079 1
9080 3
9081 2
9082 2
9083 3
9084 2
9086 2
9087 2
9088 2
9089 2
9090 4
9091 1
9092 1
9093 3
9094 1
9095 2
9096 3
9097 3
9098 4
9100 2
9101 2
9102 3
9103 4
9104 5
9105 2
9106 2
9107 3
9108 1
9109 2
9110 2
9111 1
9112 2
9113 2
9114 4
9115 3
9116 3
9119 1
9120 1
9121 3
9122 2
9124 2
9126 3
9127 2
9128 5
9129 1
9130 8
9131 2
9132 1
9133 2
9134 1
9135 2
9136 5
9137 2
9138 2
9139 1
9140 4
9141 2
9142 1
9143 3
9144 2
9145 2
9146 1
9147 3
9148 4
9149 4
9152 1
9153 1
9154 3
9155 4
9156 4
9157 3
9158 3
9159 2
9160 2
9161 5
9163 3
9164 1
9165 2
9166 2
9167 2
9168 4
9169 2
9170 2
9171 1
9173 1
9174 2
9176 1
9178 5
9179 5
9180 1
9181 1
9183 2
9185 2
9186 1
9188 4
9189 3
9190 3
9193 3
9194 3
9195 1
9196 3
9197 1
9198 1
9199 1
9200 1
9201 4
9202 1
9203 1
9204 1
9205 4
9206 3
9207 3
9208 4
9209 3
9210 2
9211 5
9213 1
9215 2
9216 4
9217 2
9218 1
9219 2
9220 3
9221 1
9222 2
9223 2
9225 4
9226 4
9227 2
9228 1
9229 2
9231 2
9232 3
9233 1
9234 3
9236 5
9237 3
9239 2
9241 3
9243 3
9244 3
9245 4
9246 1
9247 3
9248 1
9249 4
9250 1
9251 2
9252 3
9253 2
9254 1
9255 2
9256 3
9257 3
9258 1
9259 3
9261 1
9263 3
9264 2
9266 2
9267 2
9268 1
9269 2
9270 1
9271 2
9272 2
9273 1
9274 1
9275 1
9276 1
9277 2
9279 2
9280 2
9281 2
9282 2
9283 2
9284 1
9286 2
9288 3
9290 2
9293 3
9294 1
9295 2
9296 3
9300 1
9301 5
9302 1
9303 3
9304 2
9305 3
9306 2
9307 3
9308 5
9309 1
9310 2
9311 1
9312 4
9313 1
9314 1
9315 2
9316 2
9317 3
9318 2
9319 5
9320 3
9321 1
9322 4
9323 1
9324 2
9325 1
9326 4
9327 3
9328 3
9329 1
9331 1
9332 2
9333 3
9334 6
9336 2
9337 2
9338 1
9339 3
9340 2
9341 1
9344 3
9345 1
9346 3
9347 2
9348 1
9349 2
9351 2
9353 2
9356 1
9358 2
9359 2
9360 1
9362 3
9363 3
9365 2
9366 2
9367 4
9368 3
9369 1
9370 3
9371 4
9372 1
9374 3
9375 2
9376 2
9379 2
9380 4
9381 1
9384 2
9385 1
9386 3
9387 4
9388 1
9389 1
9390 1
9391 3
9392 1
9393 3
9395 2
9397 1
9398 1
9399 4
9401 2
9402 2
9403 1
9404 1
9405 5
9406 2
9407 2
9409 3
9410 4
9411 2
9413 2
9414 2
9415 3
9416 2
9417 2
9418 2
9419 1
9421 1
9422 4
9423 4
9424 2
9426 1
9427 4
9429 1
9430 2
9432 2
9433 1
9434 1
9435 1
9436 1
9437 1
9438 3
9439 2
9441 5
9443 4
9444 3
9445 1
9446 2
9447 1
9450 6
9451 2
9452 2
9453 4
9455 2
9456 3
9457 3
9458 3
9459 1
9460 3
9461 2
9462 1
9463 3
9464 1
9465 4
9466 2
9467 2
9468 1
9470 2
9471 1
9472 1
9473 2
9474 1
9475 4
9476 3
9478 2
9479 3
9480 1
9483 2
9484 3
9485 1
9486 4
9487 4
9488 3
9489 2
9490 1
9491 3
9493 1
9495 1
9496 2
9497 1
9499 2
9500 2
9501 2
9502 1
9503 2
9504 1
9505 2
9506 2
9507 2
9509 3
9511 1
9512 2
9513 2
9514 3
9515 4
9516 2
9518 2
9519 1
9520 1
9521 1
9522 1
9523 2
9526 1
9527 2
9528 1
9529 2
9531 3
9533 2
9534 1
9535 3
9537 5
9539 2
9540 2
9541 2
9542 2
9543 3
9544 3
9545 1
9546 2
9547 2
9548 3
9549 1
9550 3
9551 1
9552 2
9553 3
9554 2
9555 5
9556 1
9557 4
9558 1
9560 2
9561 1
9562 1
9563 5
9564 1
9565 2
9566 6
9567 6
9568 1
9569 2
9570 4
9571 4
9573 2
9574 1
9575 2
9576 2
9577 4
9578 1
9581 4
9582 3
9583 1
9584 2
9585 2
9587 1
9588 2
9589 1
9590 2
9592 3
9593 3
9596 2
9597 2
9599 3
9600 1
9601 4
9602 2
9604 1
9605 3
9608 5
9609 2
9610 3
9611 3
9612 2
9614 4
9615 1
9616 2
9617 1
9619 2
9620 2
9621 3
9622 2
9623 5
9624 4
9625 3
9626 1
9627 1
9628 1
9629 2
9630 1
9631 1
9632 2
9633 1
9634 1
9635 1
9636 1
9638 6
9639 2
9640 1
9641 1
9643 1
9646 2
9647 2
9648 4
9649 2
9650 1
9653 3
9654 3
9655 2
9656 2
9657 1
9658 4
9659 1
9660 2
9661 3
9662 5
9664 2
9665 1
9666 1
9667 4
9668 3
9670 3
9671 1
9672 3
9673 2
9674 2
9678 1
9679 1
9680 3
9681 4
9683 6
9684 1
9685 4
9686 1
9687 2
9688 4
9689 5
9690 4
9692 2
9693 2
9694 2
9695 2
9696 1
9697 2
9700 5
9701 3
9702 1
9703 5
9704 3
9705 3
9706 1
9707 3
9708 3
9709 2
9710 2
9711 2
9712 2
9713 3
9714 1
9715 3
9717 3
9718 2
9719 1
9720 1
9721 2
9722 2
9723 2
9724 4
9725 2
9727 4
9728 2
9730 2
9731 2
9732 2
9733 3
9735 3
9736 1
9737 2
9738 1
9739 1
9740 2
9741 1
9742 2
9743 4
9744 1
9745 5
9746 4
9747 2
9748 4
9749 4
9751 1
9752 2
9753 1
9754 3
9755 1
9756 2
9757 2
9758 4
9759 2
9760 2
9761 5
9763 3
9764 4
9765 1
9766 1
9767 3
9768 3
9769 2
9770 2
9771 3
9772 1
9774 4
9775 2
9776 3
9777 1
9778 2
9780 2
9781 3
9782 2
9784 2
9785 7
9787 2
9788 1
9789 2
9790 5
9791 6
9792 1
9793 1
9794 2
9796 1
9797 2
9798 2
9799 2
9800 1
9801 1
9802 1
9803 3
9804 1
9805 5
9807 1
9808 4
9809 1
9810 2
9811 3
9813 4
9814 1
9816 3
9817 1
9818 5
9819 2
9820 2
9821 3
9822 1
9823 1
9824 2
9825 3
9826 2
9828 2
9829 3
9830 3
9831 2
9832 1
9833 1
9835 1
9836 2
9837 3
9838 2
9839 4
9840 1
9841 4
9842 2
9843 2
9844 3
9845 1
9846 3
9847 1
9848 1
9849 1
9850 1
9851 4
9852 1
9854 1
9855 4
9856 1
9857 3
9858 2
9861 2
9862 2
9863 2
9864 2
9865 1
9866 1
9867 1
9868 1
9869 3
9870 1
9871 3
9872 3
9873 5
9874 1
9875 1
9876 2
9877 1
9878 1
9879 3
9880 2
9881 1
9882 3
9884 2
9885 3
9886 1
9887 2
9888 3
9891 2
9892 2
9893 1
9894 1
9895 2
9896 3
9897 1
9898 2
9899 2
9901 1
9902 2
9904 2
9905 2
9906 1
9907 1
9908 2
9909 1
9910 3
9912 1
9913 1
9914 3
9915 1
9916 2
9919 3
9921 2
9922 2
9923 1
9924 2
9925 2
9926 1
9927 1
9929 3
9930 1
9931 2
9932 2
9934 2
9935 2
9936 1
9937 4
9938 1
9939 3
9941 1
9942 2
9944 1
9945 6
9946 1
9947 1
9948 2
9949 2
9950 7
9951 3
9952 2
9953 2
9954 2
9956 1
9957 1
9959 2
9961 3
9962 3
9963 1
9965 3
9966 2
9967 2
9968 3
9969 4
9970 2
9971 3
9972 3
9973 2
9974 1
9975 1
9976 2
9977 1
9978 1
9980 1
9981 1
9982 3
9983 1
9984 2
9985 3
9986 2
9987 2
9988 1
9989 3
9992 2
9993 1
9997 1
9998 1
9999 2
