10 1
12 1
18 1
23 2
24 1
26 2
36 1
37 1
40 1
42 1
43 1
48 1
52 1
54 1
60 1
61 1
67 1
69 1
70 1
71 1
74 1
78 1
82 1
85 1
97 1
106 1
108 1
110 1
120 1
122 1
124 2
135 1
137 1
151 1
152 1
165 1
175 2
176 2
188 1
192 1
194 1
195 1
197 1
200 2
204 1
205 1
211 1
216 1
218 1
219 1
221 1
222 2
230 1
235 1
239 1
240 1
242 2
243 1
249 1
259 1
260 1
266 1
268 1
269 3
271 1
278 1
281 1
287 1
288 1
296 1
298 2
300 1
302 2
305 1
310 1
311 1
312 1
315 1
317 1
318 1
320 1
323 1
327 1
329 1
332 2
334 1
336 1
345 1
347 1
368 1
369 1
374 3
375 1
378 1
379 1
383 1
387 1
389 1
393 1
396 1
398 2
404 1
405 1
411 1
414 1
415 1
417 2
422 1
434 1
435 1
447 1
455 1
456 1
458 1
461 1
462 1
467 1
470 1
472 1
474 1
476 1
477 1
481 1
491 2
493 2
497 1
498 1
499 1
504 1
509 1
511 1
513 1
519 1
520 1
522 1
527 1
529 1
532 1
541 1
551 1
566 2
568 1
572 1
574 1
582 1
593 1
594 1
602 3
608 1
609 1
611 1
612 1
613 1
619 2
622 1
629 2
632 1
637 1
638 2
643 1
649 1
651 1
657 2
658 1
660 1
663 1
666 1
671 1
673 1
674 1
675 1
685 1
686 1
687 1
694 1
696 1
701 1
703 1
706 1
709 1
710 1
711 1
712 1
715 2
717 3
720 1
723 1
732 1
733 1
737 1
744 1
747 2
748 1
761 1
768 1
769 1
772 1
775 1
777 1
778 1
780 1
782 1
785 1
788 1
791 1
802 1
804 1
806 1
809 2
817 1
820 2
823 2
824 1
826 1
836 1
838 2
839 2
850 1
852 1
857 1
860 1
864 2
875 1
882 2
888 2
889 1
903 1
909 2
914 1
915 1
927 1
931 1
933 1
935 1
940 1
944 1
947 1
949 1
951 1
952 1
955 1
961 2
963 1
969 2
971 1
981 1
988 1
990 1
994 1
997 1
998 1
999 1
1007 1
1009 1
1014 1
1018 1
1029 2
1038 1
1044 1
1045 1
1046 1
1055 1
1057 1
1063 1
1065 1
1069 1
1075 1
1078 1
1087 2
1088 1
1102 1
1106 1
1107 1
1113 1
1121 1
1123 1
1125 2
1127 1
1131 1
1132 1
1135 1
1137 1
1138 1
1139 1
1141 1
1145 1
1150 1
1151 1
1155 1
1159 1
1167 1
1170 1
1172 2
1180 1
1185 1
1190 1
1196 1
1199 1
1200 1
1202 1
1203 1
1207 1
1209 1
1215 1
1228 2
1231 1
1235 1
1247 1
1250 1
1253 1
1257 1
1259 1
1265 1
1271 1
1273 1
1280 1
1282 1
1286 1
1290 1
1292 1
1296 1
1297 1
1298 1
1304 1
1307 1
1308 1
1309 1
1315 1
1319 1
1322 2
1339 1
1344 1
1349 1
1352 1
1353 1
1359 1
1361 1
1362 1
1365 1
1368 1
1370 1
1371 3
1372 1
1376 1
1380 1
1381 4
1389 2
1394 2
1398 2
1400 1
1408 1
1413 1
1414 1
1416 1
1422 1
1424 1
1425 2
1427 1
1428 2
1430 1
1432 2
1433 1
1435 2
1440 1
1442 1
1444 1
1445 1
1452 1
1454 2
1459 1
1461 1
1462 1
1463 1
1471 1
1474 1
1483 1
1491 1
1499 1
1502 1
1506 1
1508 1
1510 1
1514 1
1520 1
1525 1
1526 1
1529 1
1532 1
1537 2
1540 1
1542 1
1544 1
1549 1
1556 1
1557 1
1561 1
1562 1
1566 1
1570 1
1577 1
1578 1
1583 1
1589 1
1590 2
1595 1
1607 1
1611 1
1613 1
1615 2
1616 1
1622 1
1628 1
1630 1
1632 1
1639 1
1649 1
1651 1
1655 1
1657 1
1659 2
1660 1
1662 1
1665 2
1666 1
1668 1
1679 1
1680 2
1684 1
1687 1
1690 1
1691 1
1695 1
1709 1
1712 1
1714 1
1715 1
1717 1
1719 1
1725 2
1732 1
1742 1
1743 1
1748 1
1757 1
1761 1
1763 1
1766 1
1768 1
1774 1
1776 1
1777 1
1782 1
1784 1
1790 1
1791 1
1792 1
1793 1
1796 1
1798 1
1804 1
1807 1
1808 1
1810 1
1811 1
1813 1
1814 1
1815 2
1816 1
1817 1
1819 1
1820 1
1822 3
1825 1
1826 1
1833 1
1844 1
1845 1
1848 1
1857 1
1861 3
1866 1
1870 1
1874 1
1891 1
1898 1
1905 1
1908 3
1910 1
1914 1
1918 1
1920 1
1922 1
1923 1
1925 1
1926 1
1929 1
1935 1
1953 1
1961 1
1964 1
1972 1
1975 1
1977 1
1978 1
1985 1
1987 1
1989 1
1990 1
1993 1
1994 1
1997 1
1998 1
2005 1
2006 1
2014 1
2015 1
2018 1
2021 1
2030 1
2031 1
2033 1
2034 1
2037 1
2042 1
2046 1
2056 1
2068 1
2073 1
2077 1
2078 1
2081 1
2084 1
2105 1
2108 1
2113 1
2125 1
2130 2
2135 2
2138 1
2142 1
2153 2
2156 1
2161 1
2172 2
2173 1
2174 1
2190 1
2194 1
2195 1
2201 1
2207 1
2212 1
2215 1
2216 1
2219 1
2222 2
2227 1
2228 1
2240 1
2242 1
2243 2
2246 1
2257 1
2271 1
2273 1
2274 1
2279 1
2281 1
2282 1
2283 1
2286 1
2287 2
2290 1
2291 1
2292 1
2295 1
2297 1
2298 1
2310 1
2311 1
2314 1
2316 1
2318 1
2319 1
2327 1
2332 2
2339 1
2341 1
2342 1
2355 1
2356 1
2361 1
2362 1
2375 1
2385 1
2387 1
2388 1
2394 1
2397 1
2398 2
2403 2
2405 4
2408 1
2412 1
2416 1
2421 1
2424 1
2428 1
2429 1
2434 1
2437 2
2441 1
2442 1
2444 1
2445 2
2446 1
2450 1
2454 1
2455 1
2460 2
2461 1
2467 1
2475 1
2490 1
2496 1
2505 1
2506 1
2510 1
2517 2
2518 1
2534 1
2537 1
2538 1
2540 2
2545 1
2548 1
2551 1
2552 1
2556 1
2565 1
2566 1
2567 1
2568 1
2571 1
2575 1
2586 1
2589 1
2592 1
2596 1
2598 2
2600 1
2604 1
2605 1
2609 1
2610 1
2611 1
2618 1
2624 1
2625 1
2630 1
2635 1
2639 1
2641 1
2646 1
2650 1
2651 1
2652 1
2669 1
2671 1
2673 1
2674 1
2676 1
2677 1
2680 1
2692 1
2693 1
2695 1
2696 1
2698 1
2707 1
2715 1
2721 1
2730 2
2731 1
2732 1
2733 2
2736 1
2737 1
2744 1
2761 1
2762 1
2766 1
2768 1
2777 1
2792 1
2796 1
2803 1
2809 1
2810 1
2812 3
2816 1
2817 1
2818 1
2821 1
2824 1
2831 1
2833 1
2834 1
2837 1
2844 1
2846 1
2848 1
2849 1
2860 1
2863 1
2864 1
2866 1
2868 1
2871 1
2873 1
2874 1
2882 1
2883 1
2886 2
2888 1
2895 1
2901 1
2906 1
2909 1
2912 1
2917 3
2919 1
2923 1
2925 1
2927 3
2929 1
2930 1
2932 1
2933 1
2934 1
2937 1
2945 1
2948 2
2950 1
2951 1
2954 1
2956 1
2970 1
2973 1
2975 1
2978 1
2979 2
2980 1
2990 1
3002 3
3003 2
3007 1
3012 1
3017 1
3018 1
3022 1
3024 1
3026 1
3028 1
3032 1
3034 2
3035 1
3037 2
3039 1
3040 1
3041 1
3042 1
3048 1
3049 1
3057 1
3058 1
3059 3
3064 1
3065 1
3075 1
3076 1
3077 1
3079 1
3082 1
3090 1
3096 1
3100 1
3101 1
3104 1
3109 1
3116 1
3120 1
3125 2
3126 1
3128 1
3132 2
3133 1
3137 1
3143 1
3144 1
3147 1
3149 1
3151 1
3153 1
3155 1
3157 2
3166 1
3172 1
3175 1
3182 2
3186 1
3187 1
3205 1
3214 1
3225 1
3227 1
3232 1
3234 1
3244 1
3245 2
3246 1
3250 1
3251 1
3252 1
3256 1
3264 1
3265 1
3267 1
3268 1
3269 1
3278 1
3281 1
3286 2
3287 1
3297 1
3298 1
3303 1
3305 1
3308 2
3312 2
3316 1
3317 1
3319 1
3333 1
3336 1
3350 1
3351 1
3352 2
3353 2
3357 1
3358 1
3360 1
3362 1
3365 1
3368 1
3370 1
3375 1
3378 1
3380 1
3391 1
3402 1
3406 1
3408 1
3410 1
3411 1
3419 2
3421 1
3422 1
3425 2
3426 1
3429 1
3430 1
3432 1
3436 2
3437 1
3438 1
3439 2
3441 1
3442 1
3447 2
3450 1
3453 1
3471 1
3473 1
3474 1
3484 1
3488 1
3489 2
3498 1
3500 1
3509 1
3510 1
3511 1
3519 1
3521 1
3522 1
3524 1
3527 1
3531 3
3533 1
3540 1
3541 2
3542 1
3543 1
3549 1
3550 1
3564 1
3568 1
3570 2
3575 1
3576 1
3577 1
3578 1
3581 1
3585 1
3586 1
3591 1
3599 1
3607 1
3608 1
3610 1
3613 2
3618 2
3624 2
3626 1
3637 1
3640 1
3642 1
3646 1
3651 1
3655 1
3656 1
3661 1
3662 1
3663 1
3664 2
3666 1
3671 2
3672 2
3673 1
3674 1
3675 1
3682 1
3683 1
3685 1
3688 1
3689 1
3690 1
3693 1
3695 1
3698 1
3699 1
3700 1
3701 1
3702 1
3703 2
3704 2
3710 1
3711 1
3712 2
3720 1
3729 1
3731 1
3735 1
3744 1
3751 1
3757 1
3759 1
3762 1
3770 2
3772 1
3775 2
3779 1
3781 1
3784 1
3785 1
3796 1
3797 2
3800 1
3803 1
3804 1
3808 2
3809 1
3828 1
3831 1
3839 2
3840 1
3845 1
3856 1
3861 1
3869 1
3873 1
3881 1
3888 1
3890 2
3900 2
3910 1
3911 1
3912 1
3915 1
3927 1
3933 1
3935 1
3936 1
3939 1
3941 1
3948 1
3956 1
3957 1
3961 1
3968 1
3969 1
3971 1
3972 1
3974 1
3976 1
3979 1
3983 1
3985 1
3987 1
3991 1
3992 1
3994 1
3999 1
4001 1
4006 1
4007 1
4008 1
4011 1
4012 1
4017 2
4018 1
4019 1
4023 1
4024 1
4029 1
4032 1
4036 2
4038 1
4046 1
4047 3
4050 1
4053 1
4055 1
4056 1
4064 1
4066 2
4068 1
4073 1
4077 1
4081 1
4100 1
4106 1
4112 2
4113 1
4116 1
4118 1
4125 1
4129 1
4130 2
4132 2
4133 1
4136 1
4137 1
4138 1
4139 2
4140 1
4142 2
4146 1
4154 1
4156 1
4160 1
4161 1
4163 1
4164 2
4172 1
4175 1
4178 1
4181 1
4182 1
4188 1
4197 2
4199 1
4206 1
4207 1
4208 3
4216 1
4217 1
4219 1
4224 1
4226 1
4230 2
4233 1
4239 1
4243 1
4244 1
4246 1
4249 1
4254 1
4260 1
4261 3
4264 1
4267 1
4271 1
4281 2
4282 2
4286 1
4287 1
4295 2
4296 1
4297 1
4300 1
4306 1
4308 1
4311 1
4312 1
4313 1
4315 1
4317 1
4321 1
4323 1
4328 1
4330 2
4332 1
4335 1
4336 1
4337 1
4349 2
4351 1
4359 1
4366 1
4368 2
4371 1
4376 1
4377 1
4379 2
4383 2
4390 1
4392 1
4393 2
4395 1
4396 1
4399 1
4402 1
4403 1
4404 1
4407 1
4408 1
4412 1
4413 1
4415 2
4417 1
4420 1
4430 2
4431 1
4434 2
4436 1
4452 1
4454 1
4460 1
4461 1
4463 1
4464 1
4465 1
4472 2
4474 1
4475 1
4494 1
4501 1
4502 1
4504 1
4505 1
4509 2
4511 1
4513 1
4515 1
4518 1
4519 1
4522 1
4523 1
4524 1
4527 1
4528 1
4532 1
4539 1
4542 1
4544 1
4550 3
4555 1
4557 1
4558 2
4566 1
4569 1
4573 1
4576 2
4584 1
4591 1
4593 2
4594 2
4598 2
4599 1
4600 1
4607 1
4611 1
4614 1
4624 1
4625 3
4626 1
4629 1
4637 1
4639 1
4643 1
4644 1
4649 1
4653 1
4662 1
4669 1
4670 1
4674 1
4677 1
4678 1
4682 1
4687 2
4694 1
4697 1
4699 1
4700 1
4704 1
4708 1
4709 1
4713 1
4716 1
4718 1
4719 1
4720 1
4726 1
4728 1
4730 1
4731 2
4732 2
4736 1
4737 1
4739 1
4740 1
4743 1
4756 1
4758 1
4760 2
4763 1
4768 1
4777 3
4784 1
4787 1
4791 1
4792 2
4798 2
4800 1
4804 1
4807 2
4812 1
4814 1
4825 2
4826 1
4832 1
4839 1
4841 1
4842 1
4844 1
4853 1
4861 1
4863 2
4873 2
4874 1
4875 1
4878 1
4880 1
4884 1
4888 1
4891 1
4914 2
4917 1
4918 1
4928 1
4935 1
4936 1
4942 1
4958 2
4960 1
4961 1
4970 1
4976 1
4978 1
4982 1
4985 2
4986 1
4989 1
4991 1
4996 1
4997 1
4998 1
4999 1
5016 1
5026 1
5030 1
5036 1
5038 1
5047 1
5056 1
5060 1
5065 1
5069 1
5080 1
5082 1
5086 1
5087 1
5090 1
5093 1
5095 1
5096 1
5097 1
5112 1
5114 1
5118 2
5123 1
5127 1
5135 1
5139 2
5147 1
5153 2
5154 1
5155 1
5156 1
5164 1
5171 1
5172 1
5175 1
5177 1
5181 1
5182 1
5183 1
5190 1
5193 2
5198 1
5199 1
5200 1
5205 1
5207 1
5209 2
5216 1
5225 1
5227 1
5228 1
5233 1
5234 1
5235 1
5239 1
5241 2
5243 1
5258 1
5261 1
5265 1
5268 1
5275 1
5277 2
5278 1
5279 1
5283 1
5284 1
5286 1
5290 1
5291 1
5297 1
5299 1
5302 1
5307 1
5323 1
5324 1
5330 2
5332 2
5343 1
5354 1
5358 1
5369 1
5370 1
5376 1
5380 1
5384 1
5387 1
5389 1
5395 1
5396 1
5397 1
5405 2
5407 1
5408 2
5410 1
5412 1
5416 1
5420 1
5422 1
5423 1
5430 1
5432 3
5433 1
5434 2
5439 1
5440 1
5444 1
5445 1
5455 2
5461 1
5463 1
5468 1
5471 1
5478 1
5479 2
5482 1
5489 2
5493 1
5495 1
5501 1
5502 1
5505 1
5509 1
5512 1
5517 1
5518 1
5521 1
5523 1
5530 1
5533 1
5536 1
5540 1
5544 1
5547 1
5553 2
5555 1
5557 1
5558 1
5562 2
5563 1
5567 2
5568 1
5569 1
5572 1
5575 1
5576 2
5577 1
5588 1
5589 1
5590 1
5610 1
5611 1
5612 2
5614 1
5637 2
5639 2
5647 1
5654 1
5656 1
5669 1
5670 1
5674 1
5676 2
5681 1
5687 1
5692 1
5693 1
5706 1
5708 1
5711 1
5712 1
5713 1
5714 1
5719 1
5726 1
5728 1
5729 1
5731 1
5740 1
5742 1
5743 2
5745 1
5746 1
5748 1
5752 1
5754 3
5766 1
5767 1
5768 1
5769 1
5771 1
5780 1
5783 1
5787 1
5788 1
5791 1
5792 1
5806 1
5807 1
5812 1
5813 1
5816 2
5819 1
5821 1
5823 1
5824 1
5830 1
5838 2
5841 1
5842 1
5844 1
5851 1
5852 1
5853 1
5854 1
5857 2
5864 1
5866 1
5870 1
5877 1
5887 1
5888 1
5895 1
5902 1
5903 1
5905 1
5906 1
5910 1
5911 2
5913 2
5916 1
5918 1
5932 3
5933 1
5943 1
5946 1
5968 1
5971 1
5975 1
5986 2
5987 2
5990 1
5993 2
5998 1
6007 1
6010 2
6019 1
6021 1
6023 1
6024 2
6025 1
6029 1
6032 1
6034 2
6042 1
6056 1
6060 1
6069 1
6075 1
6076 1
6077 2
6084 2
6085 2
6092 1
6097 2
6099 1
6100 1
6116 1
6120 1
6121 1
6127 1
6138 1
6141 1
6142 1
6143 1
6144 1
6145 1
6150 1
6155 1
6169 1
6170 1
6171 1
6173 1
6175 1
6176 1
6179 1
6191 1
6202 1
6212 2
6215 1
6216 1
6224 1
6229 1
6230 1
6234 2
6245 1
6252 1
6268 1
6270 1
6276 1
6282 1
6285 1
6287 1
6288 1
6293 2
6294 1
6295 1
6297 1
6305 1
6307 1
6311 1
6314 3
6323 1
6324 1
6325 1
6327 1
6335 1
6336 1
6340 1
6343 2
6348 1
6349 1
6353 1
6361 1
6367 1
6374 1
6395 1
6399 1
6402 1
6407 2
6415 1
6431 1
6444 1
6446 2
6447 1
6454 1
6455 2
6457 1
6460 1
6464 1
6465 2
6468 1
6471 1
6475 1
6479 1
6481 2
6486 1
6492 1
6495 1
6497 1
6504 1
6505 1
6508 2
6516 1
6522 1
6524 2
6525 1
6534 1
6539 1
6549 2
6551 2
6555 1
6557 1
6558 1
6559 1
6560 1
6565 2
6566 1
6567 1
6576 1
6579 1
6593 1
6598 1
6601 2
6606 2
6612 1
6617 2
6627 1
6628 1
6629 1
6631 1
6635 1
6640 1
6646 1
6648 1
6651 1
6652 1
6654 2
6655 1
6657 1
6658 1
6659 1
6667 1
6670 1
6673 1
6677 1
6678 1
6681 1
6683 1
6693 1
6694 1
6700 1
6702 1
6704 1
6705 1
6712 1
6714 1
6716 1
6717 1
6718 1
6721 1
6722 1
6723 2
6726 1
6731 1
6735 1
6741 1
6744 1
6745 3
6748 1
6763 1
6764 1
6771 1
6778 1
6781 1
6783 1
6790 2
6792 2
6805 1
6825 1
6829 1
6830 1
6832 1
6834 1
6838 2
6841 1
6847 1
6855 1
6859 1
6861 2
6863 1
6865 2
6869 1
6870 1
6872 1
6873 1
6879 1
6886 2
6887 2
6891 1
6893 1
6896 1
6898 1
6901 1
6902 1
6911 1
6914 1
6923 1
6926 1
6929 1
6930 1
6933 2
6937 1
6939 1
6940 1
6941 1
6942 1
6943 1
6946 1
6949 1
6953 1
6954 1
6957 2
6962 1
6967 1
6972 1
6977 1
6980 1
6982 1
6987 2
6990 1
6995 1
6997 1
6998 1
7010 1
7017 1
7018 2
7021 1
7024 1
7028 1
7029 1
7040 1
7041 1
7043 1
7048 1
7049 1
7058 1
7074 1
7096 1
7098 1
7100 1
7105 1
7106 1
7112 1
7114 1
7117 1
7124 1
7125 2
7129 2
7130 1
7133 1
7141 1
7143 2
7148 2
7152 2
7154 1
7161 1
7163 1
7166 1
7171 2
7175 1
7176 1
7177 1
7180 1
7182 1
7189 2
7196 1
7201 1
7204 1
7205 1
7206 1
7210 1
7212 1
7216 1
7218 2
7219 1
7221 1
7230 1
7233 1
7235 1
7238 1
7246 1
7248 1
7250 1
7253 1
7254 1
7255 2
7256 1
7261 1
7269 1
7283 1
7284 1
7286 2
7287 1
7290 1
7293 1
7294 1
7301 1
7302 1
7305 1
7309 2
7312 1
7318 1
7320 1
7330 1
7331 1
7332 1
7336 1
7338 1
7341 1
7342 1
7344 1
7345 1
7346 1
7347 1
7348 2
7349 1
7352 1
7356 1
7358 1
7367 2
7368 1
7371 1
7379 1
7382 1
7383 1
7388 1
7391 2
7392 1
7395 1
7397 2
7404 1
7410 1
7413 2
7416 1
7419 1
7421 1
7424 2
7429 1
7438 1
7439 1
7443 1
7445 1
7446 1
7450 2
7455 2
7459 1
7473 2
7474 1
7476 1
7485 2
7486 2
7490 2
7495 1
7496 3
7504 1
7507 1
7508 2
7512 1
7513 1
7514 1
7519 1
7528 1
7529 1
7531 1
7539 1
7540 1
7542 1
7545 1
7547 1
7553 1
7556 1
7558 1
7563 1
7569 1
7573 1
7579 1
7582 1
7583 1
7585 1
7588 3
7592 1
7596 1
7597 1
7598 1
7599 1
7604 1
7606 1
7609 1
7612 1
7615 1
7620 1
7622 1
7624 2
7631 1
7634 1
7636 1
7642 1
7646 1
7648 1
7655 1
7657 1
7661 1
7668 1
7672 1
7675 1
7677 1
7682 1
7683 1
7685 1
7695 1
7696 2
7698 1
7700 1
7702 1
7703 1
7709 1
7718 1
7724 1
7728 1
7730 1
7736 2
7744 1
7750 1
7751 1
7752 1
7753 1
7756 1
7768 1
7769 1
7770 1
7777 1
7778 2
7779 1
7783 1
7795 1
7799 1
7801 1
7803 1
7807 1
7808 1
7812 1
7816 1
7818 1
7819 1
7820 1
7822 1
7823 1
7824 1
7837 1
7840 1
7843 1
7844 1
7845 1
7848 1
7853 2
7854 1
7855 1
7856 1
7865 1
7866 1
7869 1
7871 1
7873 1
7878 1
7883 1
7884 1
7892 1
7903 1
7904 1
7912 2
7916 2
7920 2
7927 1
7934 1
7939 1
7942 1
7943 2
7947 1
7951 1
7952 2
7953 1
7956 1
7957 1
7959 1
7965 1
7974 2
7976 2
7977 1
7978 1
7981 1
7982 1
7987 2
7993 1
7995 1
8004 1
8008 1
8012 1
8015 1
8016 2
8023 1
8027 1
8032 1
8036 1
8040 1
8042 1
8046 1
8049 1
8053 1
8065 1
8069 1
8070 1
8075 1
8078 1
8079 1
8091 1
8094 2
8096 1
8098 1
8102 2
8104 1
8105 1
8110 1
8111 2
8112 1
8114 1
8115 2
8117 1
8122 2
8124 1
8127 1
8130 1
8136 1
8139 1
8142 1
8143 1
8146 1
8147 1
8150 1
8153 1
8154 1
8156 1
8165 1
8166 1
8174 2
8176 1
8178 1
8180 1
8181 1
8183 1
8187 1
8192 1
8196 1
8198 1
8201 2
8207 1
8214 1
8221 1
8224 1
8226 1
8227 1
8235 1
8241 1
8243 1
8249 1
8251 1
8254 1
8258 2
8263 1
8264 2
8267 1
8269 2
8270 1
8271 1
8273 1
8275 1
8280 1
8286 1
8287 1
8291 1
8293 1
8295 1
8296 1
8297 1
8301 1
8308 1
8314 1
8315 1
8316 1
8317 1
8320 2
8322 2
8335 1
8341 1
8358 1
8362 1
8365 1
8366 1
8371 1
8372 1
8380 1
8384 1
8389 1
8396 1
8407 1
8408 1
8416 1
8421 2
8423 1
8424 1
8425 1
8428 1
8435 1
8437 1
8441 1
8445 2
8446 1
8451 1
8453 1
8456 1
8457 1
8458 1
8465 1
8473 1
8475 1
8481 1
8483 1
8485 1
8488 2
8492 1
8495 1
8496 1
8503 1
8513 1
8518 2
8522 1
8528 1
8532 2
8534 1
8550 2
8552 1
8554 1
8556 2
8559 2
8560 1
8564 1
8570 1
8573 1
8574 1
8576 1
8581 1
8588 3
8595 1
8622 1
8626 1
8628 1
8632 1
8639 1
8643 1
8651 1
8652 1
8653 1
8656 1
8659 1
8660 1
8663 1
8667 1
8672 1
8673 2
8684 1
8689 1
8697 1
8700 1
8701 1
8702 1
8703 2
8705 1
8706 2
8712 1
8713 1
8716 3
8719 1
8726 1
8727 1
8732 1
8734 1
8739 1
8741 2
8745 1
8748 1
8752 1
8753 1
8762 1
8763 1
8778 1
8779 1
8781 1
8785 1
8789 1
8791 1
8794 1
8801 2
8804 1
8808 1
8811 1
8813 1
8821 1
8827 1
8829 1
8830 1
8842 1
8850 1
8851 1
8855 1
8857 1
8858 1
8859 1
8862 1
8863 2
8872 1
8879 1
8884 1
8885 1
8889 1
8890 1
8904 1
8907 1
8911 1
8912 1
8914 1
8915 1
8919 1
8922 1
8924 1
8927 2
8929 1
8930 2
8948 1
8950 1
8951 1
8952 1
8958 1
8964 1
8968 1
8972 1
8980 1
8981 1
8982 1
8984 1
8987 3
8992 1
9002 1
9007 1
9011 1
9015 1
9020 1
9027 2
9030 1
9032 1
9038 1
9040 1
9046 1
9048 1
9053 1
9056 2
9059 1
9060 1
9061 2
9064 1
9065 1
9077 1
9078 1
9079 1
9083 1
9085 1
9091 2
9092 2
9097 1
9098 1
9104 3
9105 1
9108 1
9115 1
9116 1
9122 1
9123 1
9133 1
9136 1
9139 2
9141 1
9146 1
9147 1
9148 2
9151 1
9156 1
9158 1
9159 2
9160 1
9161 1
9166 1
9186 1
9196 1
9205 1
9206 1
9208 1
9210 2
9212 1
9215 1
9217 2
9222 1
9226 1
9229 1
9231 1
9234 1
9236 1
9250 1
9251 1
9255 1
9257 1
9260 1
9264 1
9265 2
9271 1
9272 1
9283 1
9287 1
9293 1
9295 1
9303 1
9317 1
9318 1
9319 1
9320 1
9321 1
9322 1
9323 1
9328 2
9331 1
9333 1
9335 1
9340 1
9342 1
9347 1
9349 1
9354 3
9356 1
9360 1
9363 1
9364 1
9366 1
9367 1
9370 1
9372 1
9378 1
9379 1
9380 1
9384 1
9399 1
9410 1
9420 1
9425 1
9428 1
9432 1
9448 1
9455 1
9457 1
9460 1
9461 1
9468 2
9478 1
9479 1
9480 1
9486 1
9492 1
9493 1
9494 1
9497 1
9499 3
9502 1
9505 1
9509 1
9510 1
9511 1
9520 2
9521 1
9522 1
9524 1
9526 2
9533 1
9534 1
9535 1
9537 1
9538 1
9542 1
9543 1
9545 1
9546 1
9548 1
9552 1
9553 1
9556 1
9559 1
9562 1
9563 1
9566 3
9567 1
9570 1
9577 1
9587 1
9591 1
9596 1
9597 1
9601 1
9603 2
9609 1
9615 1
9616 1
9622 1
9626 1
9630 1
9631 1
9633 1
9639 1
9644 1
9647 1
9649 1
9652 1
9653 1
9659 2
9664 2
9665 1
9667 1
9672 1
9676 1
9679 2
9684 1
9688 1
9689 1
9692 1
9693 1
9696 1
9697 1
9708 1
9710 3
9714 1
9718 1
9719 1
9721 1
9724 1
9729 2
9732 2
9733 1
9736 1
9746 1
9749 1
9753 1
9756 1
9760 1
9763 1
9770 1
9774 1
9778 1
9779 1
9782 1
9791 1
9797 1
9798 2
9808 1
9809 2
9810 1
9816 1
9819 1
9822 1
9825 1
9828 1
9833 1
9836 1
9837 1
9839 1
9840 1
9846 1
9853 1
9856 1
9859 1
9861 1
9863 1
9866 2
9869 1
9872 2
9874 1
9879 1
9880 1
9883 1
9884 1
9887 1
9892 1
9893 1
9894 1
9895 1
9899 1
9900 1
9906 2
9907 1
9909 1
9910 1
9912 1
9919 1
9937 1
9940 2
9941 2
9942 1
9947 1
9956 1
9959 1
9968 1
9969 1
9970 1
9974 1
9978 2
9979 3
9989 2
9991 1
9995 1
9999 1
